 #layer COS O3 O2 NO2 NO HSO HO2 HSO2 HSO3 CS2 CH4O3S CO H O N SO3 SO2 SO4 CS N2 CO2 OH H2 H2SO4 S H2S H2O SH SO CH3SCH3
    1  0.60735991E+010  0.67700000E+012  0.50000000E+019  0.13700000E+010  0.00000000E+000  0.39282995E+000  0.60600000E+009  0.42492255E-008  0.10461852E-001  0.25081435E+008  0.00000000E+000  0.13000000E+013  0.00000000E+000  0.81100000E+003  0.00000000E+000  0.12765198E+003  0.11518644E+011  0.12906277E+011  0.44783307E-001  0.18300000E+020  0.84600000E+016  0.18100000E+007  0.00000000E+000  0.23615371E+010  0.57140195E-016  0.31570828E+009  0.15000000E+018  0.14156429E+002  0.11610403E+000  0.41087718E+009
    2  0.53089795E+010  0.61700000E+012  0.44100000E+019  0.10000000E+010  0.00000000E+000  0.26656283E+000  0.46400000E+009  0.18925507E-008  0.72999845E-002  0.21650851E+008  0.00000000E+000  0.13000000E+013  0.00000000E+000  0.91200000E+003  0.00000000E+000  0.12294213E+003  0.10036768E+011  0.11294051E+011  0.46475880E-001  0.16000000E+020  0.66000000E+016  0.12500000E+007  0.00000000E+000  0.20544595E+010  0.70587128E-016  0.26908575E+009  0.89500000E+017  0.89936197E+001  0.90820753E-001  0.34127101E+009
    3  0.46380043E+010  0.57400000E+012  0.38600000E+019  0.69600000E+009  0.00000000E+000  0.19348076E+000  0.37600000E+009  0.94870240E-009  0.53907461E-002  0.18692088E+008  0.00000000E+000  0.13000000E+013  0.00000000E+000  0.10600000E+004  0.00000000E+000  0.13655271E+003  0.87440235E+010  0.98871471E+010  0.50545556E-001  0.14000000E+020  0.57800000E+016  0.91300000E+006  0.00000000E+000  0.17814241E+010  0.95837718E-016  0.22992394E+009  0.49700000E+017  0.62544615E+001  0.76223040E-001  0.28388298E+009
    4  0.40331481E+010  0.56600000E+012  0.33500000E+019  0.50800000E+009  0.00000000E+000  0.16767677E+000  0.22700000E+009  0.31984114E-009  0.53027104E-002  0.16066453E+008  0.00000000E+000  0.13000000E+013  0.00000000E+000  0.13000000E+004  0.00000000E+000  0.21873402E+003  0.75840381E+010  0.86214025E+010  0.57556055E-001  0.12200000E+020  0.50200000E+016  0.87500000E+006  0.00000000E+000  0.15350445E+010  0.14298768E-015  0.19588750E+009  0.25200000E+017  0.55909604E+001  0.85626967E-001  0.23505112E+009
    5  0.35219866E+010  0.56600000E+012  0.28900000E+019  0.41200000E+009  0.00000000E+000  0.15850118E+000  0.18400000E+009  0.15504271E-009  0.53470552E-002  0.13872274E+008  0.00000000E+000  0.13000000E+013  0.00000000E+000  0.16500000E+004  0.00000000E+000  0.37035189E+003  0.66066549E+010  0.75541234E+010  0.68987595E-001  0.10700000E+020  0.43400000E+016  0.85700000E+006  0.00000000E+000  0.13255492E+010  0.23555963E-015  0.16781694E+009  0.12500000E+017  0.52912430E+001  0.99612835E-001  0.19553598E+009
    6  0.30591383E+010  0.61400000E+012  0.24800000E+019  0.38100000E+009  0.00000000E+000  0.15128507E+000  0.12900000E+009  0.57727500E-010  0.55731075E-002  0.11918502E+008  0.00000000E+000  0.12800000E+013  0.00000000E+000  0.22400000E+004  0.00000000E+000  0.63130054E+003  0.57251018E+010  0.65877374E+010  0.87331256E-001  0.93300000E+019  0.37100000E+016  0.85700000E+006  0.00000000E+000  0.11357507E+010  0.43392647E-015  0.14319088E+009  0.63100000E+016  0.49504499E+001  0.12017782E+000  0.16196802E+009
    7  0.26566182E+010  0.74800000E+012  0.21100000E+019  0.37100000E+009  0.00000000E+000  0.14241577E+000  0.10100000E+009  0.25775338E-010  0.55686799E-002  0.10243905E+008  0.00000000E+000  0.12400000E+013  0.00000000E+000  0.35300000E+004  0.00000000E+000  0.10848174E+004  0.49607956E+010  0.57479765E+010  0.13032121E+000  0.81500000E+019  0.31600000E+016  0.82100000E+006  0.00000000E+000  0.96985666E+009  0.11122032E-014  0.12231822E+009  0.30200000E+016  0.45946388E+001  0.14111348E+000  0.13438854E+009
    8  0.23010646E+010  0.91700000E+012  0.17700000E+019  0.37100000E+009  0.00000000E+000  0.13406555E+000  0.72900000E+008  0.93928009E-011  0.56448202E-002  0.87871612E+007  0.00000000E+000  0.12000000E+013  0.00000000E+000  0.55300000E+004  0.00000000E+000  0.25727169E+004  0.42877335E+010  0.50062273E+010  0.19289090E+000  0.71200000E+019  0.26500000E+016  0.77800000E+006  0.00000000E+000  0.82280530E+009  0.28015533E-014  0.10434979E+009  0.10400000E+016  0.41477448E+001  0.17070988E+000  0.11147086E+009
    9  0.19924702E+010  0.12400000E+013  0.14800000E+019  0.38100000E+009  0.00000000E+000  0.12785766E+000  0.59200000E+008  0.41328579E-011  0.56967144E-002  0.75365484E+007  0.00000000E+000  0.11700000E+013  0.00000000E+000  0.97500000E+004  0.00000000E+000  0.54682059E+004  0.37046431E+010  0.43643301E+010  0.32438517E+000  0.62200000E+019  0.22200000E+016  0.73800000E+006  0.00000000E+000  0.69346173E+009  0.91329071E-014  0.89026372E+008  0.39800000E+015  0.38277891E+001  0.20873937E+000  0.92467087E+008
   10  0.17201076E+010  0.16000000E+013  0.12200000E+019  0.40200000E+009  0.00000000E+000  0.13381727E+000  0.52500000E+008  0.21775013E-011  0.62630922E-002  0.64285242E+007  0.00000000E+000  0.11000000E+013  0.00000000E+000  0.16900000E+005  0.00000000E+000  0.10102134E+005  0.31889221E+010  0.38085071E+010  0.54579136E+000  0.54300000E+019  0.18500000E+016  0.76200000E+006  0.00000000E+000  0.57177522E+009  0.30023515E-013  0.75430756E+008  0.18900000E+015  0.40015345E+001  0.28222577E+000  0.75590433E+008
   11  0.14964147E+010  0.19600000E+013  0.10400000E+019  0.45800000E+009  0.00000000E+000  0.13460350E+000  0.46600000E+008  0.12268279E-011  0.66119157E-002  0.54768562E+007  0.00000000E+000  0.10000000E+013  0.00000000E+000  0.27100000E+005  0.00000000E+000  0.17353581E+005  0.27589796E+010  0.33930167E+010  0.82978081E+000  0.47500000E+019  0.15400000E+016  0.78600000E+006  0.00000000E+000  0.44318224E+009  0.80815033E-013  0.63505719E+008  0.96400000E+014  0.39894234E+001  0.35479925E+000  0.59797107E+008
   12  0.12971420E+010  0.22100000E+013  0.87900000E+018  0.61000000E+009  0.00000000E+000  0.12882644E+000  0.43900000E+008  0.10396203E-011  0.65003252E-002  0.45691498E+007  0.00000000E+000  0.90000000E+012  0.00000000E+000  0.41700000E+005  0.00000000E+000  0.27076914E+005  0.23649400E+010  0.31086227E+010  0.12428613E+001  0.41500000E+019  0.13100000E+016  0.78600000E+006  0.00000000E+000  0.26624576E+009  0.21763429E-012  0.51800252E+008  0.51000000E+014  0.41728464E+001  0.41294097E+000  0.43514093E+008
   13  0.11207505E+010  0.24200000E+013  0.74400000E+018  0.85800000E+009  0.00000000E+000  0.11359475E+000  0.42600000E+008  0.89403280E-012  0.60332956E-002  0.37055810E+007  0.00000000E+000  0.80000000E+012  0.00000000E+000  0.62600000E+005  0.00000000E+000  0.39147761E+005  0.20022214E+010  0.29979798E+010  0.17625515E+001  0.36200000E+019  0.11100000E+016  0.75400000E+006  0.00000000E+000  0.25662715E+005  0.54514100E-012  0.40488237E+008  0.27500000E+014  0.39517788E+001  0.45008219E+000  0.28120162E+008
   14  0.96520516E+009  0.27300000E+013  0.62800000E+018  0.10900000E+010  0.00000000E+000  0.92266005E-001  0.42600000E+008  0.78239278E-012  0.52852051E-002  0.29124122E+007  0.00000000E+000  0.66000000E+012  0.00000000E+000  0.97200000E+005  0.00000000E+000  0.32853616E+005  0.16711740E+010  0.26907240E+010  0.25110097E+001  0.31600000E+019  0.94100000E+015  0.69200000E+006  0.00000000E+000  0.12605477E+004  0.14462516E-011  0.30266466E+008  0.24100000E+014  0.33470583E+001  0.47409890E+000  0.15836175E+008
   15  0.82834193E+009  0.30500000E+013  0.52900000E+018  0.13400000E+010  0.00000000E+000  0.74402992E-001  0.45200000E+008  0.71812295E-012  0.46724756E-002  0.22279675E+007  0.00000000E+000  0.50300000E+012  0.00000000E+000  0.15000000E+006  0.00000000E+000  0.28022688E+005  0.13775205E+010  0.24303536E+010  0.34660276E+001  0.27600000E+019  0.79600000E+015  0.64900000E+006  0.00000000E+000  0.11358135E+004  0.37957479E-011  0.21877424E+008  0.20900000E+014  0.27317896E+001  0.51620760E+000  0.78633237E+007
   16  0.70960258E+009  0.33400000E+013  0.45200000E+018  0.16500000E+010  0.00000000E+000  0.60592141E-001  0.48000000E+008  0.72872091E-012  0.41822729E-002  0.16608309E+007  0.00000000E+000  0.34800000E+012  0.00000000E+000  0.22800000E+006  0.00000000E+000  0.24618955E+005  0.11247098E+010  0.22076310E+010  0.45887601E+001  0.24100000E+019  0.68000000E+015  0.64200000E+006  0.00000000E+000  0.11316821E+004  0.96815392E-011  0.15370242E+008  0.18200000E+014  0.22326345E+001  0.56415470E+000  0.34157877E+007
   17  0.60704410E+009  0.38100000E+013  0.38600000E+018  0.18800000E+010  0.00000000E+000  0.50444831E-001  0.52500000E+008  0.75705813E-012  0.38746651E-002  0.12077023E+007  0.00000000E+000  0.22000000E+012  0.00000000E+000  0.36200000E+006  0.00000000E+000  0.22444228E+005  0.91230333E+009  0.20106993E+010  0.61877941E+001  0.21100000E+019  0.58000000E+015  0.66300000E+006  0.00000000E+000  0.12295504E+004  0.26240570E-010  0.10563365E+008  0.15800000E+014  0.17554941E+001  0.65846542E+000  0.12853956E+007
   18  0.51600613E+009  0.41900000E+013  0.33000000E+018  0.20300000E+010  0.00000000E+000  0.43376533E-001  0.54100000E+008  0.73307089E-012  0.37775040E-002  0.85126188E+006  0.00000000E+000  0.16600000E+012  0.00000000E+000  0.55800000E+006  0.00000000E+000  0.20113961E+005  0.73289993E+009  0.18232801E+010  0.78411244E+001  0.18400000E+019  0.49600000E+015  0.73000000E+006  0.00000000E+000  0.14848184E+004  0.65730307E-010  0.70794658E+007  0.14700000E+014  0.13976417E+001  0.78068180E+000  0.41379448E+006
   19  0.43848996E+009  0.45100000E+013  0.28100000E+018  0.22000000E+010  0.00000000E+000  0.37710141E-001  0.57400000E+008  0.73294878E-012  0.37647414E-002  0.58522447E+006  0.00000000E+000  0.11500000E+012  0.00000000E+000  0.85200000E+006  0.00000000E+000  0.17082725E+005  0.58809852E+009  0.16526511E+010  0.96326145E+001  0.16100000E+019  0.42400000E+015  0.82100000E+006  0.00000000E+000  0.18613568E+004  0.15857661E-009  0.46720708E+007  0.14700000E+014  0.10966104E+001  0.93972681E+000  0.11425166E+006
   20  0.37243055E+009  0.46700000E+013  0.24000000E+018  0.23200000E+010  0.00000000E+000  0.34028097E-001  0.59200000E+008  0.71104695E-012  0.39437106E-002  0.39334815E+006  0.00000000E+000  0.89800000E+011  0.00000000E+000  0.12600000E+007  0.00000000E+000  0.15079142E+005  0.47246522E+009  0.14942099E+010  0.11171077E+002  0.14100000E+019  0.36200000E+015  0.97400000E+006  0.00000000E+000  0.24796891E+004  0.35329935E-009  0.30511241E+007  0.14900000E+014  0.89637970E+000  0.11170515E+001  0.27434660E+005
   21  0.31550163E+009  0.47700000E+013  0.20800000E+018  0.24400000E+010  0.00000000E+000  0.28974746E-001  0.62800000E+008  0.79151440E-012  0.38438712E-002  0.25795510E+006  0.00000000E+000  0.65200000E+011  0.00000000E+000  0.18300000E+007  0.00000000E+000  0.11883142E+005  0.37984752E+009  0.13440906E+010  0.12401947E+002  0.12300000E+019  0.31400000E+015  0.11100000E+007  0.00000000E+000  0.41997648E+004  0.73748355E-009  0.19757541E+007  0.16100000E+014  0.69046050E+000  0.12670974E+001  0.57897505E+004
   22  0.26645930E+009  0.48700000E+013  0.18100000E+018  0.25100000E+010  0.00000000E+000  0.24427460E-001  0.64700000E+008  0.85188222E-012  0.37431294E-002  0.16455946E+006  0.00000000E+000  0.49700000E+011  0.00000000E+000  0.26700000E+007  0.00000000E+000  0.95006789E+004  0.30559705E+009  0.12027479E+010  0.13390627E+002  0.10700000E+019  0.27200000E+015  0.12700000E+007  0.00000000E+000  0.82266650E+004  0.14773973E-008  0.12658619E+007  0.17200000E+014  0.51998347E+000  0.14546429E+001  0.10636613E+004
   23  0.22616637E+009  0.48000000E+013  0.15700000E+018  0.25100000E+010  0.00000000E+000  0.22471601E-001  0.68700000E+008  0.95551012E-012  0.40322542E-002  0.10281108E+006  0.00000000E+000  0.38900000E+011  0.00000000E+000  0.38300000E+007  0.00000000E+000  0.82676779E+004  0.24808427E+009  0.10796135E+010  0.13966729E+002  0.93800000E+018  0.23700000E+015  0.15900000E+007  0.00000000E+000  0.18885486E+005  0.28416467E-008  0.80542337E+006  0.18600000E+014  0.43511185E+000  0.16945653E+001  0.17066826E+003
   24  0.19124686E+009  0.46300000E+013  0.13700000E+018  0.25700000E+010  0.00000000E+000  0.20284897E-001  0.68700000E+008  0.10033262E-011  0.43155526E-002  0.62326692E+005  0.00000000E+000  0.31900000E+011  0.00000000E+000  0.53300000E+007  0.00000000E+000  0.73050724E+004  0.20161528E+009  0.96398987E+009  0.13635561E+002  0.81900000E+018  0.20600000E+015  0.19900000E+007  0.00000000E+000  0.37975401E+005  0.50763694E-008  0.50462924E+006  0.19800000E+014  0.36359597E+000  0.19433580E+001  0.24018390E+002
   25  0.16154244E+009  0.44100000E+013  0.11900000E+018  0.25700000E+010  0.00000000E+000  0.18312313E-001  0.70700000E+008  0.10927971E-011  0.46711207E-002  0.36603190E+005  0.00000000E+000  0.25000000E+011  0.00000000E+000  0.74500000E+007  0.00000000E+000  0.64925215E+004  0.16456797E+009  0.85913882E+009  0.13004669E+002  0.71600000E+018  0.18000000E+015  0.25000000E+007  0.00000000E+000  0.71367459E+005  0.88263840E-008  0.31148806E+006  0.21100000E+014  0.30419018E+000  0.23008918E+001  0.29271665E+001
   26  0.13612544E+009  0.41400000E+013  0.10400000E+018  0.25100000E+010  0.00000000E+000  0.16504670E-001  0.72900000E+008  0.11886218E-011  0.51148564E-002  0.20714684E+005  0.00000000E+000  0.20000000E+011  0.00000000E+000  0.10200000E+008  0.00000000E+000  0.61689069E+004  0.13484867E+009  0.76385919E+009  0.11637257E+002  0.62500000E+018  0.15700000E+015  0.31900000E+007  0.00000000E+000  0.12516500E+006  0.14427503E-007  0.18865169E+006  0.21400000E+014  0.25791189E+000  0.27204220E+001  0.30822366E+000
   27  0.11454577E+009  0.37500000E+013  0.90800000E+017  0.25100000E+010  0.00000000E+000  0.14135601E-001  0.72900000E+008  0.12618455E-011  0.53531220E-002  0.11322384E+005  0.00000000E+000  0.15600000E+011  0.00000000E+000  0.13600000E+008  0.00000000E+000  0.62927419E+004  0.11120711E+009  0.67815490E+009  0.98116640E+001  0.54600000E+018  0.13700000E+015  0.38700000E+007  0.00000000E+000  0.22016415E+006  0.22496230E-007  0.11280969E+006  0.19300000E+014  0.21414854E+000  0.32265292E+001  0.28646627E-001
   28  0.96202150E+008  0.34000000E+013  0.79400000E+017  0.24400000E+010  0.00000000E+000  0.12218578E-001  0.70700000E+008  0.13046668E-011  0.56714930E-002  0.59556105E+004  0.00000000E+000  0.12500000E+011  0.00000000E+000  0.18200000E+008  0.00000000E+000  0.64745854E+004  0.92339102E+008  0.60104712E+009  0.79686613E+001  0.47700000E+018  0.12000000E+015  0.47400000E+007  0.00000000E+000  0.42815622E+006  0.33766528E-007  0.66546026E+005  0.17500000E+014  0.17926069E+000  0.39129670E+001  0.23328064E-002
   29  0.80586697E+008  0.31000000E+013  0.69500000E+017  0.23200000E+010  0.00000000E+000  0.10679576E-001  0.68700000E+008  0.13586130E-011  0.60950820E-002  0.29700860E+004  0.00000000E+000  0.10000000E+011  0.00000000E+000  0.24500000E+008  0.00000000E+000  0.67471226E+004  0.77226394E+008  0.53225152E+009  0.61556907E+001  0.41700000E+018  0.10500000E+015  0.58700000E+007  0.00000000E+000  0.72718118E+006  0.48807811E-007  0.38424076E+005  0.15900000E+014  0.15079082E+000  0.48350376E+001  0.16151655E-003
   30  0.67186776E+008  0.28400000E+013  0.60900000E+017  0.22000000E+010  0.00000000E+000  0.90333873E-002  0.66600000E+008  0.14180454E-011  0.62949890E-002  0.13913365E+004  0.00000000E+000  0.78500000E+010  0.00000000E+000  0.33200000E+008  0.00000000E+000  0.67479228E+004  0.65022903E+008  0.46984970E+009  0.44800273E+001  0.36400000E+018  0.92100000E+014  0.69700000E+007  0.00000000E+000  0.12802419E+007  0.68044330E-007  0.21738438E+005  0.14500000E+014  0.12209973E+000  0.60548083E+001  0.94331250E-005
   31  0.56046789E+008  0.26100000E+013  0.54600000E+017  0.20300000E+010  0.00000000E+000  0.79790019E-002  0.62800000E+008  0.15924258E-011  0.64975707E-002  0.61405001E+003  0.00000000E+000  0.62900000E+010  0.00000000E+000  0.44800000E+008  0.00000000E+000  0.69503047E+004  0.55461027E+008  0.41517841E+009  0.30213344E+001  0.31800000E+018  0.82600000E+014  0.85400000E+007  0.00000000E+000  0.24002389E+007  0.90289949E-007  0.12126517E+005  0.13200000E+014  0.10463766E+000  0.74844464E+001  0.47327646E-006
   32  0.46585832E+008  0.23600000E+013  0.49000000E+017  0.18300000E+010  0.00000000E+000  0.70449576E-002  0.57400000E+008  0.17426406E-011  0.65040442E-002  0.25195855E+003  0.00000000E+000  0.50400000E+010  0.00000000E+000  0.60000000E+008  0.00000000E+000  0.70877806E+004  0.47788142E+008  0.36603710E+009  0.18712376E+001  0.27800000E+018  0.74100000E+014  0.10100000E+008  0.00000000E+000  0.39303273E+007  0.11687582E-006  0.66490621E+004  0.11800000E+014  0.91084666E-001  0.92236861E+001  0.20213696E-007
   33  0.38527219E+008  0.21200000E+013  0.44000000E+017  0.16900000E+010  0.00000000E+000  0.66132459E-002  0.49500000E+008  0.18088268E-011  0.66795924E-002  0.95288434E+002  0.00000000E+000  0.39400000E+010  0.00000000E+000  0.79700000E+008  0.00000000E+000  0.76510350E+004  0.41574976E+008  0.32126355E+009  0.10526962E+001  0.24300000E+018  0.66600000E+014  0.12200000E+008  0.00000000E+000  0.61786333E+007  0.14774226E-006  0.35736148E+004  0.10200000E+014  0.84844412E-001  0.11262451E+002  0.73518101E-009
   34  0.31666355E+008  0.19000000E+013  0.39700000E+017  0.14100000E+010  0.00000000E+000  0.60538737E-002  0.43900000E+008  0.19320028E-011  0.64225714E-002  0.32975666E+002  0.00000000E+000  0.31600000E+010  0.00000000E+000  0.10600000E+009  0.00000000E+000  0.78441202E+004  0.36497760E+008  0.28175087E+009  0.53541221E+000  0.21200000E+018  0.60000000E+014  0.13800000E+008  0.00000000E+000  0.75051036E+007  0.18210986E-006  0.19019625E+004  0.87600000E+013  0.77562593E-001  0.13658227E+002  0.22841017E-010
   35  0.25889037E+008  0.17200000E+013  0.35800000E+017  0.12100000E+010  0.00000000E+000  0.57287005E-002  0.39000000E+008  0.20799548E-011  0.61659145E-002  0.10346422E+002  0.00000000E+000  0.23000000E+010  0.00000000E+000  0.14300000E+009  0.00000000E+000  0.80132132E+004  0.32336661E+008  0.24716332E+009  0.24673326E+000  0.18500000E+018  0.54200000E+014  0.15500000E+008  0.00000000E+000  0.81539796E+007  0.22089601E-006  0.10061956E+004  0.75400000E+013  0.72510403E-001  0.16709206E+002  0.60149252E-012
   36  0.21182989E+008  0.15500000E+013  0.32900000E+017  0.95200000E+009  0.00000000E+000  0.56065308E-002  0.34600000E+008  0.22170812E-011  0.59638535E-002  0.29606885E+001  0.00000000E+000  0.15900000E+010  0.00000000E+000  0.19100000E+009  0.00000000E+000  0.83981685E+004  0.29048342E+008  0.21817201E+009  0.99650602E-001  0.16200000E+018  0.49000000E+014  0.17700000E+008  0.00000000E+000  0.83612994E+007  0.26082360E-006  0.53450951E+003  0.64700000E+013  0.71736310E-001  0.19939409E+002  0.13667034E-013
   37  0.17151774E+008  0.14100000E+013  0.30300000E+017  0.71400000E+009  0.00000000E+000  0.53248072E-002  0.32600000E+008  0.27651272E-011  0.52959907E-002  0.74756209E+000  0.00000000E+000  0.12100000E+010  0.00000000E+000  0.26100000E+009  0.00000000E+000  0.82368752E+004  0.26151665E+008  0.19175644E+009  0.35525050E-001  0.14100000E+018  0.45300000E+014  0.19000000E+008  0.00000000E+000  0.81943122E+007  0.30224544E-006  0.28442070E+003  0.55400000E+013  0.68060921E-001  0.24037473E+002  0.26150237E-015
   38  0.13921643E+008  0.12300000E+013  0.28000000E+017  0.50800000E+009  0.00000000E+000  0.52826919E-002  0.29800000E+008  0.33581029E-011  0.48784834E-002  0.16778223E+000  0.00000000E+000  0.92200000E+009  0.00000000E+000  0.34900000E+009  0.00000000E+000  0.83356850E+004  0.23884670E+008  0.17015348E+009  0.10760660E-001  0.12400000E+018  0.42000000E+014  0.21000000E+008  0.00000000E+000  0.78888533E+007  0.34859275E-006  0.15285418E+003  0.47600000E+013  0.70567789E-001  0.28451798E+002  0.42966023E-017
   39  0.11128589E+008  0.10700000E+013  0.25800000E+017  0.38100000E+009  0.00000000E+000  0.50831215E-002  0.26400000E+008  0.39176600E-011  0.43545433E-002  0.32914338E-001  0.00000000E+000  0.67000000E+009  0.00000000E+000  0.46700000E+009  0.00000000E+000  0.82018138E+004  0.21713008E+008  0.14978209E+009  0.27558685E-002  0.10800000E+018  0.39100000E+014  0.22600000E+008  0.00000000E+000  0.73819602E+007  0.39271846E-006  0.82259660E+002  0.40900000E+013  0.70973979E-001  0.33248088E+002  0.60239251E-019
   40  0.88516807E+007  0.92500000E+012  0.23900000E+017  0.23800000E+009  0.00000000E+000  0.47177029E-002  0.24900000E+008  0.44043611E-011  0.39208778E-002  0.56749073E-002  0.00000000E+000  0.52300000E+009  0.00000000E+000  0.62300000E+009  0.00000000E+000  0.81451904E+004  0.19852074E+008  0.13231975E+009  0.59256741E-003  0.94300000E+017  0.35600000E+014  0.24100000E+008  0.00000000E+000  0.68294574E+007  0.43314737E-006  0.44862132E+002  0.35000000E+013  0.69968679E-001  0.38324786E+002  0.71931357E-021
   41  0.69746138E+007  0.80000000E+012  0.22200000E+017  0.17800000E+009  0.00000000E+000  0.42566443E-002  0.22800000E+008  0.52502645E-011  0.33427631E-002  0.82859420E-003  0.00000000E+000  0.34400000E+009  0.00000000E+000  0.84800000E+009  0.00000000E+000  0.78407908E+004  0.18188316E+008  0.11698488E+009  0.10488447E-003  0.82300000E+017  0.33100000E+014  0.24900000E+008  0.00000000E+000  0.62516139E+007  0.46697503E-006  0.24755463E+002  0.29900000E+013  0.66929914E-001  0.44516213E+002  0.71501452E-023
   42  0.54467368E+007  0.69000000E+012  0.20600000E+017  0.10900000E+009  0.00000000E+000  0.37089996E-002  0.21400000E+008  0.63876842E-011  0.28032461E-002  0.10043414E-003  0.00000000E+000  0.30800000E+009  0.00000000E+000  0.11800000E+010  0.00000000E+000  0.74962633E+004  0.16681962E+008  0.10355287E+009  0.14905575E-004  0.71900000E+017  0.30900000E+014  0.25300000E+008  0.00000000E+000  0.56783191E+007  0.49489645E-006  0.13880820E+002  0.25500000E+013  0.61951497E-001  0.52395884E+002  0.58258413E-025
   43  0.42218714E+007  0.59100000E+012  0.19200000E+017  0.71400000E+008  0.00000000E+000  0.30421271E-002  0.20200000E+008  0.77328280E-011  0.22634581E-002  0.10116626E-004  0.00000000E+000  0.25700000E+009  0.00000000E+000  0.16400000E+010  0.00000000E+000  0.70900014E+004  0.15299851E+008  0.91799784E+008  0.16904948E-005  0.62800000E+017  0.28900000E+014  0.24900000E+008  0.00000000E+000  0.51287881E+007  0.51380779E-006  0.79555369E+001  0.21700000E+013  0.54606528E-001  0.60859704E+002  0.39284422E-027
   44  0.32465635E+007  0.49400000E+012  0.17900000E+017  0.48200000E+008  0.00000000E+000  0.24132107E-002  0.18500000E+008  0.82795892E-011  0.18901880E-002  0.86442421E-006  0.00000000E+000  0.23100000E+009  0.00000000E+000  0.22000000E+010  0.00000000E+000  0.67406572E+004  0.14022903E+008  0.81501165E+008  0.15650114E-006  0.54900000E+017  0.26500000E+014  0.24900000E+008  0.00000000E+000  0.46151535E+007  0.52424125E-006  0.46368030E+001  0.18900000E+013  0.47914565E-001  0.67707637E+002  0.22339156E-029
   45  0.24739327E+007  0.40900000E+012  0.16700000E+017  0.29300000E+008  0.00000000E+000  0.18072837E-002  0.17900000E+008  0.10142684E-010  0.14928722E-002  0.61636742E-007  0.00000000E+000  0.21500000E+009  0.00000000E+000  0.29300000E+010  0.00000000E+000  0.63460547E+004  0.12835011E+008  0.72434473E+008  0.11794371E-007  0.48000000E+017  0.24900000E+014  0.24100000E+008  0.00000000E+000  0.41407280E+007  0.52249514E-006  0.27426338E+001  0.16400000E+013  0.39947125E-001  0.73999467E+002  0.10745517E-031
   46  0.18690876E+007  0.33500000E+012  0.15500000E+017  0.16900000E+008  0.00000000E+000  0.12263317E-002  0.16400000E+008  0.11701268E-010  0.11114068E-002  0.37622279E-008  0.00000000E+000  0.19300000E+009  0.00000000E+000  0.38000000E+010  0.00000000E+000  0.59185146E+004  0.11689281E+008  0.64263212E+008  0.74652080E-009  0.41900000E+017  0.23400000E+014  0.22000000E+008  0.00000000E+000  0.36969047E+007  0.51089574E-006  0.16507093E+001  0.14300000E+013  0.30352533E-001  0.78432087E+002  0.45194514E-034
   47  0.14001145E+007  0.27100000E+012  0.14100000E+017  0.97800000E+007  0.00000000E+000  0.80718211E-003  0.15900000E+008  0.12230306E-010  0.89730437E-003  0.20493784E-009  0.00000000E+000  0.18600000E+009  0.00000000E+000  0.47500000E+010  0.00000000E+000  0.56438964E+004  0.10562175E+008  0.56762424E+008  0.41700654E-010  0.36600000E+017  0.21000000E+014  0.20700000E+008  0.00000000E+000  0.32785245E+007  0.49634755E-006  0.10045924E+001  0.12400000E+013  0.22376704E-001  0.81011279E+002  0.16962964E-036
   48  0.10437635E+007  0.21400000E+012  0.12700000E+017  0.69600000E+007  0.00000000E+000  0.50452575E-003  0.14600000E+008  0.12159128E-010  0.71336337E-003  0.10239325E-010  0.00000000E+000  0.18600000E+009  0.00000000E+000  0.57100000E+010  0.00000000E+000  0.54429999E+004  0.94958782E+007  0.50045356E+008  0.21185717E-011  0.32000000E+017  0.18900000E+014  0.19100000E+008  0.00000000E+000  0.28971514E+007  0.47507426E-006  0.61793138E+000  0.10700000E+013  0.15890177E-001  0.80869982E+002  0.58693044E-039
   49  0.78044122E+006  0.17100000E+012  0.11600000E+017  0.39100000E+007  0.00000000E+000  0.31908890E-003  0.13700000E+008  0.13179440E-010  0.55926964E-003  0.47886070E-012  0.00000000E+000  0.17900000E+009  0.00000000E+000  0.66900000E+010  0.00000000E+000  0.53818480E+004  0.85302668E+007  0.44224345E+008  0.10001635E-012  0.27900000E+017  0.17500000E+014  0.18000000E+008  0.00000000E+000  0.25626102E+007  0.44001651E-006  0.38606841E+000  0.89600000E+012  0.11399401E-001  0.77743514E+002  0.19416368E-041
   50  0.58126662E+006  0.13300000E+012  0.10200000E+017  0.26400000E+007  0.00000000E+000  0.19075595E-003  0.12200000E+008  0.11850854E-010  0.45788256E-003  0.21644829E-013  0.00000000E+000  0.17300000E+009  0.00000000E+000  0.76200000E+010  0.00000000E+000  0.52728171E+004  0.75738761E+007  0.38738300E+008  0.45600045E-014  0.24400000E+017  0.15400000E+014  0.16600000E+008  0.00000000E+000  0.22447210E+007  0.41395719E-006  0.24326821E+000  0.74100000E+012  0.77039364E-002  0.75185170E+002  0.61923024E-044
   51  0.43619476E+006  0.10100000E+012  0.89800000E+016  0.18300000E+007  0.00000000E+000  0.11288226E-003  0.11800000E+008  0.11519905E-010  0.37028695E-003  0.99674548E-015  0.00000000E+000  0.17300000E+009  0.00000000E+000  0.82800000E+010  0.00000000E+000  0.51394865E+004  0.67014919E+007  0.33901685E+008  0.21126627E-015  0.21300000E+017  0.13600000E+014  0.15200000E+008  0.00000000E+000  0.19631879E+007  0.38451687E-006  0.15632533E+000  0.60600000E+012  0.52846307E-002  0.69864361E+002  0.20157242E-046
   52  0.32549198E+006  0.77100000E+011  0.74700000E+016  0.11400000E+007  0.00000000E+000  0.66874784E-004  0.10500000E+008  0.84016565E-011  0.34150829E-003  0.47396038E-016  0.00000000E+000  0.16700000E+009  0.00000000E+000  0.90900000E+010  0.00000000E+000  0.49142935E+004  0.58209014E+007  0.29187413E+008  0.10144419E-016  0.18600000E+017  0.11100000E+014  0.14400000E+008  0.00000000E+000  0.16884409E+007  0.36940778E-006  0.10103463E+000  0.48700000E+012  0.34512628E-002  0.69023263E+002  0.65193225E-049
   53  0.24555022E+006  0.63000000E+011  0.61900000E+016  0.73300000E+006  0.00000000E+000  0.37477236E-004  0.93000000E+007  0.66202599E-011  0.28647548E-003  0.22106412E-017  0.00000000E+000  0.17300000E+009  0.00000000E+000  0.10600000E+011  0.00000000E+000  0.46828629E+004  0.50580879E+007  0.25178968E+008  0.47742150E-018  0.16300000E+017  0.92900000E+013  0.12600000E+008  0.00000000E+000  0.14547443E+007  0.35521602E-006  0.66632120E-001  0.39100000E+012  0.19773245E-002  0.73329117E+002  0.20029879E-051
   54  0.18636394E+006  0.50300000E+011  0.51100000E+016  0.52200000E+006  0.00000000E+000  0.22336076E-004  0.82500000E+007  0.51998652E-011  0.25447331E-003  0.10326903E-018  0.00000000E+000  0.17300000E+009  0.00000000E+000  0.12000000E+011  0.00000000E+000  0.43756632E+004  0.43685669E+007  0.21618507E+008  0.22472119E-019  0.14200000E+017  0.77500000E+013  0.11700000E+008  0.00000000E+000  0.12474062E+007  0.34188000E-006  0.44533466E-001  0.33800000E+012  0.12284819E-002  0.76420719E+002  0.59817236E-054
   55  0.14327027E+006  0.40500000E+011  0.42100000E+016  0.33400000E+006  0.00000000E+000  0.13205470E-004  0.73300000E+007  0.37555927E-011  0.23007707E-003  0.48670147E-020  0.00000000E+000  0.17300000E+009  0.00000000E+000  0.13500000E+011  0.00000000E+000  0.40653886E+004  0.37757596E+007  0.18595279E+008  0.10677756E-020  0.12400000E+017  0.62700000E+013  0.10800000E+008  0.00000000E+000  0.10715665E+007  0.33123058E-006  0.30333812E-001  0.29100000E+012  0.75237152E-003  0.80359610E+002  0.17231966E-056
   56  0.11122280E+006  0.32400000E+011  0.34500000E+016  0.21400000E+006  0.00000000E+000  0.80863821E-005  0.67000000E+007  0.30337380E-011  0.20688436E-003  0.22971735E-021  0.00000000E+000  0.17900000E+009  0.00000000E+000  0.15200000E+011  0.00000000E+000  0.37486491E+004  0.32517821E+007  0.15953006E+008  0.50719890E-022  0.10800000E+017  0.52000000E+013  0.10100000E+008  0.00000000E+000  0.91818103E+006  0.32390178E-006  0.21012757E-001  0.25000000E+012  0.47595535E-003  0.85893737E+002  0.48238838E-059
   57  0.88194070E+005  0.27000000E+011  0.28200000E+016  0.16900000E+006  0.00000000E+000  0.46833816E-005  0.61200000E+007  0.22519129E-011  0.18150422E-003  0.10715515E-022  0.00000000E+000  0.17900000E+009  0.00000000E+000  0.17800000E+011  0.00000000E+000  0.34563411E+004  0.28151364E+007  0.13769610E+008  0.23835621E-023  0.94800000E+016  0.41700000E+013  0.89500000E+007  0.00000000E+000  0.79166979E+006  0.32294924E-006  0.15028593E-001  0.21500000E+012  0.27385819E-003  0.97747544E+002  0.12697063E-061
   58  0.70857831E+005  0.23200000E+011  0.23000000E+016  0.11700000E+006  0.00000000E+000  0.29389037E-005  0.52800000E+007  0.17151569E-011  0.16249216E-003  0.47190227E-024  0.00000000E+000  0.18600000E+009  0.00000000E+000  0.21400000E+011  0.00000000E+000  0.31504598E+004  0.24268243E+007  0.11843933E+008  0.10558324E-024  0.82800000E+016  0.34300000E+013  0.82800000E+007  0.00000000E+000  0.68036392E+006  0.32674096E-006  0.11046137E-001  0.18300000E+012  0.16458405E-003  0.11577868E+003  0.30370560E-064
   59  0.58076788E+005  0.19800000E+011  0.18700000E+016  0.69600000E+005  0.00000000E+000  0.17891293E-005  0.45400000E+007  0.13013216E-011  0.13937361E-003  0.19619484E-025  0.00000000E+000  0.19300000E+009  0.00000000E+000  0.25700000E+011  0.00000000E+000  0.28319214E+004  0.20903842E+007  0.10186986E+008  0.44128210E-026  0.72300000E+016  0.28200000E+013  0.73200000E+007  0.00000000E+000  0.58481773E+006  0.33876721E-006  0.84655131E-002  0.15600000E+012  0.96297318E-004  0.14137129E+003  0.65981650E-067
   60  0.48005977E+005  0.16900000E+011  0.13900000E+016  0.50800000E+005  0.00000000E+000  0.11776409E-005  0.42800000E+007  0.87460172E-012  0.15330508E-003  0.78424849E-027  0.00000000E+000  0.17900000E+009  0.00000000E+000  0.32600000E+011  0.00000000E+000  0.24619796E+004  0.17722526E+007  0.86306293E+007  0.17825286E-027  0.63200000E+016  0.20900000E+013  0.72100000E+007  0.00000000E+000  0.49530661E+006  0.38848989E-006  0.67446936E-002  0.13200000E+012  0.56456391E-004  0.18308808E+003  0.12095022E-069
