 #layer COS O3 O2 NO2 NO HSO HO2 HSO2 HSO3 CS2 CH4O3S CO H O N SO3 SO2 SO4 CS N2 CO2 OH H2 H2SO4 S H2S H2O SH SO CH3SCH3
    1  0.60708354E+010  0.67700000E+012  0.50000000E+019  0.13700000E+010  0.00000000E+000  0.39282903E+000  0.60600000E+009  0.42492226E-008  0.10461845E-001  0.25081435E+008  0.00000000E+000  0.13000000E+013  0.00000000E+000  0.81100000E+003  0.00000000E+000  0.12765189E+003  0.11518636E+011  0.12906168E+011  0.44783307E-001  0.18300000E+020  0.84600000E+016  0.18100000E+007  0.00000000E+000  0.23615354E+010  0.57140195E-016  0.31570828E+009  0.15000000E+018  0.14156389E+002  0.11610363E+000  0.41087718E+009
    2  0.53065635E+010  0.61700000E+012  0.44100000E+019  0.10000000E+010  0.00000000E+000  0.26656226E+000  0.46400000E+009  0.18925494E-008  0.72999795E-002  0.21650851E+008  0.00000000E+000  0.13000000E+013  0.00000000E+000  0.91200000E+003  0.00000000E+000  0.12294205E+003  0.10036761E+011  0.11293956E+011  0.46475880E-001  0.16000000E+020  0.66000000E+016  0.12500000E+007  0.00000000E+000  0.20544580E+010  0.70587128E-016  0.26908575E+009  0.89500000E+017  0.89935963E+001  0.90820430E-001  0.34127101E+009
    3  0.46358935E+010  0.57400000E+012  0.38600000E+019  0.69600000E+009  0.00000000E+000  0.19348039E+000  0.37600000E+009  0.94870174E-009  0.53907424E-002  0.18692088E+008  0.00000000E+000  0.13000000E+013  0.00000000E+000  0.10600000E+004  0.00000000E+000  0.13655262E+003  0.87440174E+010  0.98870633E+010  0.50545556E-001  0.14000000E+020  0.57800000E+016  0.91300000E+006  0.00000000E+000  0.17814228E+010  0.95837718E-016  0.22992394E+009  0.49700000E+017  0.62544463E+001  0.76222754E-001  0.28388298E+009
    4  0.40313123E+010  0.56600000E+012  0.33500000E+019  0.50800000E+009  0.00000000E+000  0.16767646E+000  0.22700000E+009  0.31984092E-009  0.53027066E-002  0.16066453E+008  0.00000000E+000  0.13000000E+013  0.00000000E+000  0.13000000E+004  0.00000000E+000  0.21873387E+003  0.75840328E+010  0.86213294E+010  0.57556055E-001  0.12200000E+020  0.50200000E+016  0.87500000E+006  0.00000000E+000  0.15350434E+010  0.14298768E-015  0.19588750E+009  0.25200000E+017  0.55909481E+001  0.85626653E-001  0.23505112E+009
    5  0.35203833E+010  0.56600000E+012  0.28900000E+019  0.41200000E+009  0.00000000E+000  0.15850090E+000  0.18400000E+009  0.15504260E-009  0.53470515E-002  0.13872274E+008  0.00000000E+000  0.13000000E+013  0.00000000E+000  0.16500000E+004  0.00000000E+000  0.37035163E+003  0.66066502E+010  0.75540594E+010  0.68987595E-001  0.10700000E+020  0.43400000E+016  0.85700000E+006  0.00000000E+000  0.13255483E+010  0.23555963E-015  0.16781694E+009  0.12500000E+017  0.52912323E+001  0.99612470E-001  0.19553598E+009
    6  0.30577456E+010  0.61400000E+012  0.24800000E+019  0.38100000E+009  0.00000000E+000  0.15128482E+000  0.12900000E+009  0.57727458E-010  0.55731036E-002  0.11918502E+008  0.00000000E+000  0.12800000E+013  0.00000000E+000  0.22400000E+004  0.00000000E+000  0.63130009E+003  0.57250977E+010  0.65876816E+010  0.87331256E-001  0.93300000E+019  0.37100000E+016  0.85700000E+006  0.00000000E+000  0.11357499E+010  0.43392647E-015  0.14319088E+009  0.63100000E+016  0.49504409E+001  0.12017738E+000  0.16196802E+009
    7  0.26554086E+010  0.74800000E+012  0.21100000E+019  0.37100000E+009  0.00000000E+000  0.14241556E+000  0.10100000E+009  0.25775320E-010  0.55686759E-002  0.10243905E+008  0.00000000E+000  0.12400000E+013  0.00000000E+000  0.35300000E+004  0.00000000E+000  0.10848166E+004  0.49607920E+010  0.57479278E+010  0.13032121E+000  0.81500000E+019  0.31600000E+016  0.82100000E+006  0.00000000E+000  0.96985597E+009  0.11122032E-014  0.12231822E+009  0.30200000E+016  0.45946312E+001  0.14111288E+000  0.13438854E+009
    8  0.23000167E+010  0.91700000E+012  0.17700000E+019  0.37100000E+009  0.00000000E+000  0.13406536E+000  0.72900000E+008  0.93927940E-011  0.56448161E-002  0.87871612E+007  0.00000000E+000  0.12000000E+013  0.00000000E+000  0.55300000E+004  0.00000000E+000  0.25727151E+004  0.42877304E+010  0.50061849E+010  0.19289090E+000  0.71200000E+019  0.26500000E+016  0.77800000E+006  0.00000000E+000  0.82280471E+009  0.28015533E-014  0.10434979E+009  0.10400000E+016  0.41477387E+001  0.17070903E+000  0.11147086E+009
    9  0.19915628E+010  0.12400000E+013  0.14800000E+019  0.38100000E+009  0.00000000E+000  0.12785750E+000  0.59200000E+008  0.41328548E-011  0.56967102E-002  0.75365484E+007  0.00000000E+000  0.11700000E+013  0.00000000E+000  0.97500000E+004  0.00000000E+000  0.54682018E+004  0.37046404E+010  0.43642931E+010  0.32438517E+000  0.62200000E+019  0.22200000E+016  0.73800000E+006  0.00000000E+000  0.69346124E+009  0.91329071E-014  0.89026372E+008  0.39800000E+015  0.38277841E+001  0.20873800E+000  0.92467087E+008
   10  0.17193241E+010  0.16000000E+013  0.12200000E+019  0.40200000E+009  0.00000000E+000  0.13381712E+000  0.52500000E+008  0.21774997E-011  0.62630875E-002  0.64285242E+007  0.00000000E+000  0.11000000E+013  0.00000000E+000  0.16900000E+005  0.00000000E+000  0.10102126E+005  0.31889197E+010  0.38084749E+010  0.54579136E+000  0.54300000E+019  0.18500000E+016  0.76200000E+006  0.00000000E+000  0.57177482E+009  0.30023514E-013  0.75430756E+008  0.18900000E+015  0.40015297E+001  0.28222343E+000  0.75590433E+008
   11  0.14957328E+010  0.19600000E+013  0.10400000E+019  0.45800000E+009  0.00000000E+000  0.13460336E+000  0.46600000E+008  0.12268269E-011  0.66119104E-002  0.54768562E+007  0.00000000E+000  0.10000000E+013  0.00000000E+000  0.27100000E+005  0.00000000E+000  0.17353567E+005  0.27589775E+010  0.33929881E+010  0.82978081E+000  0.47500000E+019  0.15400000E+016  0.78600000E+006  0.00000000E+000  0.44318193E+009  0.80815007E-013  0.63505719E+008  0.96400000E+014  0.39894189E+001  0.35479555E+000  0.59797107E+008
   12  0.12965506E+010  0.22100000E+013  0.87900000E+018  0.61000000E+009  0.00000000E+000  0.12882629E+000  0.43900000E+008  0.10396194E-011  0.65003194E-002  0.45691498E+007  0.00000000E+000  0.90000000E+012  0.00000000E+000  0.41700000E+005  0.00000000E+000  0.27076890E+005  0.23649379E+010  0.31085966E+010  0.12428613E+001  0.41500000E+019  0.13100000E+016  0.78600000E+006  0.00000000E+000  0.26624557E+009  0.21763391E-012  0.51800252E+008  0.51000000E+014  0.41728415E+001  0.41293529E+000  0.43514093E+008
   13  0.11202389E+010  0.24200000E+013  0.74400000E+018  0.85800000E+009  0.00000000E+000  0.11359461E+000  0.42600000E+008  0.89403181E-012  0.60332889E-002  0.37055810E+007  0.00000000E+000  0.80000000E+012  0.00000000E+000  0.62600000E+005  0.00000000E+000  0.39147718E+005  0.20022192E+010  0.29979547E+010  0.17625515E+001  0.36200000E+019  0.11100000E+016  0.75400000E+006  0.00000000E+000  0.25662696E+005  0.54513716E-012  0.40488237E+008  0.27500000E+014  0.39517738E+001  0.45007367E+000  0.28120162E+008
   14  0.96476370E+009  0.27300000E+013  0.62800000E+018  0.10900000E+010  0.00000000E+000  0.92265877E-001  0.42600000E+008  0.78239159E-012  0.52851970E-002  0.29124122E+007  0.00000000E+000  0.66000000E+012  0.00000000E+000  0.97200000E+005  0.00000000E+000  0.32853566E+005  0.16711714E+010  0.26906988E+010  0.25110097E+001  0.31600000E+019  0.94100000E+015  0.69200000E+006  0.00000000E+000  0.12605463E+004  0.14462233E-011  0.30266466E+008  0.24100000E+014  0.33470535E+001  0.47408568E+000  0.15836175E+008
   15  0.82796218E+009  0.30500000E+013  0.52900000E+018  0.13400000E+010  0.00000000E+000  0.74402873E-001  0.45200000E+008  0.71812138E-012  0.46724654E-002  0.22279675E+007  0.00000000E+000  0.50300000E+012  0.00000000E+000  0.15000000E+006  0.00000000E+000  0.28022626E+005  0.13775175E+010  0.24303275E+010  0.34660276E+001  0.27600000E+019  0.79600000E+015  0.64900000E+006  0.00000000E+000  0.11358119E+004  0.37955871E-011  0.21877424E+008  0.20900000E+014  0.27317850E+001  0.51618712E+000  0.78633237E+007
   16  0.70927640E+009  0.33400000E+013  0.45200000E+018  0.16500000E+010  0.00000000E+000  0.60592023E-001  0.48000000E+008  0.72871859E-012  0.41822595E-002  0.16608309E+007  0.00000000E+000  0.34800000E+012  0.00000000E+000  0.22800000E+006  0.00000000E+000  0.24618877E+005  0.11247062E+010  0.22076034E+010  0.45887601E+001  0.24100000E+019  0.68000000E+015  0.64200000E+006  0.00000000E+000  0.11316803E+004  0.96808186E-011  0.15370242E+008  0.18200000E+014  0.22326299E+001  0.56412385E+000  0.34157877E+007
   17  0.60676430E+009  0.38100000E+013  0.38600000E+018  0.18800000E+010  0.00000000E+000  0.50444708E-001  0.52500000E+008  0.75705468E-012  0.38746474E-002  0.12077023E+007  0.00000000E+000  0.22000000E+012  0.00000000E+000  0.36200000E+006  0.00000000E+000  0.22444126E+005  0.91229917E+009  0.20106702E+010  0.61877941E+001  0.21100000E+019  0.58000000E+015  0.66300000E+006  0.00000000E+000  0.12295484E+004  0.26237852E-010  0.10563365E+008  0.15800000E+014  0.17554895E+001  0.65841700E+000  0.12853956E+007
   18  0.51576766E+009  0.41900000E+013  0.33000000E+018  0.20300000E+010  0.00000000E+000  0.43376398E-001  0.54100000E+008  0.73306620E-012  0.37774799E-002  0.85126188E+006  0.00000000E+000  0.16600000E+012  0.00000000E+000  0.55800000E+006  0.00000000E+000  0.20113833E+005  0.73289524E+009  0.18232499E+010  0.78411244E+001  0.18400000E+019  0.49600000E+015  0.73000000E+006  0.00000000E+000  0.14848161E+004  0.65721410E-010  0.70794658E+007  0.14700000E+014  0.13976372E+001  0.78060855E+000  0.41379448E+006
   19  0.43828680E+009  0.45100000E+013  0.28100000E+018  0.22000000E+010  0.00000000E+000  0.37709989E-001  0.57400000E+008  0.73294237E-012  0.37647085E-002  0.58522447E+006  0.00000000E+000  0.11500000E+012  0.00000000E+000  0.85200000E+006  0.00000000E+000  0.17082576E+005  0.58809338E+009  0.16526201E+010  0.96326145E+001  0.16100000E+019  0.42400000E+015  0.82100000E+006  0.00000000E+000  0.18613542E+004  0.15855058E-009  0.46720708E+007  0.14700000E+014  0.10966058E+001  0.93961675E+000  0.11425166E+006
   20  0.37225762E+009  0.46700000E+013  0.24000000E+018  0.23200000E+010  0.00000000E+000  0.34027917E-001  0.59200000E+008  0.71103869E-012  0.39436648E-002  0.39334815E+006  0.00000000E+000  0.89800000E+011  0.00000000E+000  0.12600000E+007  0.00000000E+000  0.15078967E+005  0.47245973E+009  0.14941788E+010  0.11171077E+002  0.14100000E+019  0.36200000E+015  0.97400000E+006  0.00000000E+000  0.24796860E+004  0.35323077E-009  0.30511241E+007  0.14900000E+014  0.89637477E+000  0.11168918E+001  0.27434660E+005
   21  0.31535484E+009  0.47700000E+013  0.20800000E+018  0.24400000E+010  0.00000000E+000  0.28974540E-001  0.62800000E+008  0.79150247E-012  0.38438133E-002  0.25795510E+006  0.00000000E+000  0.65200000E+011  0.00000000E+000  0.18300000E+007  0.00000000E+000  0.11882963E+005  0.37984180E+009  0.13440598E+010  0.12401947E+002  0.12300000E+019  0.31400000E+015  0.11100000E+007  0.00000000E+000  0.41997613E+004  0.73732129E-009  0.19757541E+007  0.16100000E+014  0.69045540E+000  0.12668737E+001  0.57897505E+004
   22  0.26633512E+009  0.48700000E+013  0.18100000E+018  0.25100000E+010  0.00000000E+000  0.24427224E-001  0.64700000E+008  0.85186589E-012  0.37430577E-002  0.16455946E+006  0.00000000E+000  0.49700000E+011  0.00000000E+000  0.26700000E+007  0.00000000E+000  0.95004968E+004  0.30559120E+009  0.12027180E+010  0.13390627E+002  0.10700000E+019  0.27200000E+015  0.12700000E+007  0.00000000E+000  0.82266612E+004  0.14770420E-008  0.12658619E+007  0.17200000E+014  0.51997829E+000  0.14543306E+001  0.10636613E+004
   23  0.22606080E+009  0.48000000E+013  0.15700000E+018  0.25100000E+010  0.00000000E+000  0.22471304E-001  0.68700000E+008  0.95548723E-012  0.40321577E-002  0.10281108E+006  0.00000000E+000  0.38900000E+011  0.00000000E+000  0.38300000E+007  0.00000000E+000  0.82674799E+004  0.24807833E+009  0.10795847E+010  0.13966729E+002  0.93800000E+018  0.23700000E+015  0.15900000E+007  0.00000000E+000  0.18885481E+005  0.28409052E-008  0.80542337E+006  0.18600000E+014  0.43510595E+000  0.16941323E+001  0.17066826E+003
   24  0.19115748E+009  0.46300000E+013  0.13700000E+018  0.25700000E+010  0.00000000E+000  0.20284528E-001  0.68700000E+008  0.10032966E-011  0.43154252E-002  0.62326692E+005  0.00000000E+000  0.31900000E+011  0.00000000E+000  0.53300000E+007  0.00000000E+000  0.73048569E+004  0.20160933E+009  0.96396236E+009  0.13635561E+002  0.81900000E+018  0.20600000E+015  0.19900000E+007  0.00000000E+000  0.37975396E+005  0.50749232E-008  0.50462924E+006  0.19800000E+014  0.36358920E+000  0.19427798E+001  0.24018390E+002
   25  0.16146685E+009  0.44100000E+013  0.11900000E+018  0.25700000E+010  0.00000000E+000  0.18311851E-001  0.70700000E+008  0.10927578E-011  0.46709527E-002  0.36603190E+005  0.00000000E+000  0.25000000E+011  0.00000000E+000  0.74500000E+007  0.00000000E+000  0.64922879E+004  0.16456205E+009  0.85911280E+009  0.13004669E+002  0.71600000E+018  0.18000000E+015  0.25000000E+007  0.00000000E+000  0.71367453E+005  0.88236997E-008  0.31148806E+006  0.21100000E+014  0.30418236E+000  0.23001133E+001  0.29271665E+001
   26  0.13606169E+009  0.41400000E+013  0.10400000E+018  0.25100000E+010  0.00000000E+000  0.16504086E-001  0.72900000E+008  0.11885702E-011  0.51146342E-002  0.20714684E+005  0.00000000E+000  0.20000000E+011  0.00000000E+000  0.10200000E+008  0.00000000E+000  0.61686387E+004  0.13484281E+009  0.76383475E+009  0.11637257E+002  0.62500000E+018  0.15700000E+015  0.31900000E+007  0.00000000E+000  0.12516499E+006  0.14422806E-007  0.18865169E+006  0.21400000E+014  0.25790264E+000  0.27194019E+001  0.30822366E+000
   27  0.11449208E+009  0.37500000E+013  0.90800000E+017  0.25100000E+010  0.00000000E+000  0.14134902E-001  0.72900000E+008  0.12617799E-011  0.53528435E-002  0.11322384E+005  0.00000000E+000  0.15600000E+011  0.00000000E+000  0.13600000E+008  0.00000000E+000  0.62924144E+004  0.11120133E+009  0.67813209E+009  0.98116640E+001  0.54600000E+018  0.13700000E+015  0.38700000E+007  0.00000000E+000  0.22016414E+006  0.22488380E-007  0.11280969E+006  0.19300000E+014  0.21413782E+000  0.32252217E+001  0.28646627E-001
   28  0.96157019E+008  0.34000000E+013  0.79400000E+017  0.24400000E+010  0.00000000E+000  0.12217734E-001  0.70700000E+008  0.13045863E-011  0.56711430E-002  0.59556105E+004  0.00000000E+000  0.12500000E+011  0.00000000E+000  0.18200000E+008  0.00000000E+000  0.64741857E+004  0.92333403E+008  0.60102594E+009  0.79686613E+001  0.47700000E+018  0.12000000E+015  0.47400000E+007  0.00000000E+000  0.42815621E+006  0.33754092E-007  0.66546026E+005  0.17500000E+014  0.17924821E+000  0.39112913E+001  0.23328064E-002
   29  0.80548865E+008  0.31000000E+013  0.69500000E+017  0.23200000E+010  0.00000000E+000  0.10678552E-001  0.68700000E+008  0.13585142E-011  0.60946386E-002  0.29700860E+004  0.00000000E+000  0.10000000E+011  0.00000000E+000  0.24500000E+008  0.00000000E+000  0.67466315E+004  0.77220775E+008  0.53223192E+009  0.61556907E+001  0.41700000E+018  0.10500000E+015  0.58700000E+007  0.00000000E+000  0.72718117E+006  0.48789006E-007  0.38424076E+005  0.15900000E+014  0.15077626E+000  0.48328869E+001  0.16151655E-003
   30  0.67155214E+008  0.28400000E+013  0.60900000E+017  0.22000000E+010  0.00000000E+000  0.90322023E-002  0.66600000E+008  0.14179247E-011  0.62944532E-002  0.13913365E+004  0.00000000E+000  0.78500000E+010  0.00000000E+000  0.33200000E+008  0.00000000E+000  0.67473481E+004  0.65017368E+008  0.46983166E+009  0.44800273E+001  0.36400000E+018  0.92100000E+014  0.69700000E+007  0.00000000E+000  0.12802419E+007  0.68017063E-007  0.21738438E+005  0.14500000E+014  0.12208364E+000  0.60520480E+001  0.94331250E-005
   31  0.56020446E+008  0.26100000E+013  0.54600000E+017  0.20300000E+010  0.00000000E+000  0.79775866E-002  0.62800000E+008  0.15922688E-011  0.64969301E-002  0.61405001E+003  0.00000000E+000  0.62900000E+010  0.00000000E+000  0.44800000E+008  0.00000000E+000  0.69496191E+004  0.55455559E+008  0.41516181E+009  0.30213344E+001  0.31800000E+018  0.82600000E+014  0.85400000E+007  0.00000000E+000  0.24002389E+007  0.90252425E-007  0.12126517E+005  0.13200000E+014  0.10461904E+000  0.74809819E+001  0.47327646E-006
   32  0.46563926E+008  0.23600000E+013  0.49000000E+017  0.18300000E+010  0.00000000E+000  0.70433352E-002  0.57400000E+008  0.17424435E-011  0.65033086E-002  0.25195855E+003  0.00000000E+000  0.50400000E+010  0.00000000E+000  0.60000000E+008  0.00000000E+000  0.70869784E+004  0.47782737E+008  0.36602189E+009  0.18712376E+001  0.27800000E+018  0.74100000E+014  0.10100000E+008  0.00000000E+000  0.39303272E+007  0.11682553E-006  0.66490621E+004  0.11800000E+014  0.91063649E-001  0.92193803E+001  0.20213696E-007
   33  0.38509095E+008  0.21200000E+013  0.44000000E+017  0.16900000E+010  0.00000000E+000  0.66113592E-002  0.49500000E+008  0.18085944E-011  0.66787344E-002  0.95288434E+002  0.00000000E+000  0.39400000E+010  0.00000000E+000  0.79700000E+008  0.00000000E+000  0.76500515E+004  0.41569636E+008  0.32125019E+009  0.10526962E+001  0.24300000E+018  0.66600000E+014  0.12200000E+008  0.00000000E+000  0.61781055E+007  0.14767676E-006  0.35736148E+004  0.10200000E+014  0.84820180E-001  0.11257170E+002  0.73518101E-009
   34  0.31651452E+008  0.19000000E+013  0.39700000E+017  0.14100000E+010  0.00000000E+000  0.60518438E-002  0.43900000E+008  0.19317240E-011  0.64216448E-002  0.32975666E+002  0.00000000E+000  0.31600000E+010  0.00000000E+000  0.10600000E+009  0.00000000E+000  0.78429877E+004  0.36492494E+008  0.28173914E+009  0.53541221E+000  0.21200000E+018  0.60000000E+014  0.13800000E+008  0.00000000E+000  0.75042120E+007  0.18202725E-006  0.19019625E+004  0.87600000E+013  0.77536570E-001  0.13651808E+002  0.22841017E-010
   35  0.25876849E+008  0.17200000E+013  0.35800000E+017  0.12100000E+010  0.00000000E+000  0.57265449E-002  0.39000000E+008  0.20796218E-011  0.61649274E-002  0.10346422E+002  0.00000000E+000  0.23000000E+010  0.00000000E+000  0.14300000E+009  0.00000000E+000  0.80119293E+004  0.32331484E+008  0.24715302E+009  0.24673326E+000  0.18500000E+018  0.54200000E+014  0.15500000E+008  0.00000000E+000  0.81528559E+007  0.22079421E-006  0.10061956E+004  0.75400000E+013  0.72483110E-001  0.16701344E+002  0.60149252E-012
   36  0.21173014E+008  0.15500000E+013  0.32900000E+017  0.95200000E+009  0.00000000E+000  0.56042489E-002  0.34600000E+008  0.22166922E-011  0.59628070E-002  0.29606885E+001  0.00000000E+000  0.15900000E+010  0.00000000E+000  0.19100000E+009  0.00000000E+000  0.83966939E+004  0.29043245E+008  0.21816291E+009  0.99650602E-001  0.16200000E+018  0.49000000E+014  0.17700000E+008  0.00000000E+000  0.83600405E+007  0.26070211E-006  0.53450951E+003  0.64700000E+013  0.71707108E-001  0.19930021E+002  0.13667034E-013
   37  0.17143695E+008  0.14100000E+013  0.30300000E+017  0.71400000E+009  0.00000000E+000  0.53225225E-002  0.32600000E+008  0.27646014E-011  0.52949836E-002  0.74756209E+000  0.00000000E+000  0.12100000E+010  0.00000000E+000  0.26100000E+009  0.00000000E+000  0.82353080E+004  0.26146692E+008  0.19174844E+009  0.35525050E-001  0.14100000E+018  0.45300000E+014  0.19000000E+008  0.00000000E+000  0.81930015E+007  0.30210381E-006  0.28442070E+003  0.55400000E+013  0.68031715E-001  0.24026152E+002  0.26150237E-015
   38  0.13915084E+008  0.12300000E+013  0.28000000E+017  0.50800000E+009  0.00000000E+000  0.52803471E-002  0.29800000E+008  0.33574178E-011  0.48774882E-002  0.16778223E+000  0.00000000E+000  0.92200000E+009  0.00000000E+000  0.34900000E+009  0.00000000E+000  0.83339836E+004  0.23879797E+008  0.17014638E+009  0.10760660E-001  0.12400000E+018  0.42000000E+014  0.21000000E+008  0.00000000E+000  0.78875336E+007  0.34842887E-006  0.15285418E+003  0.47600000E+013  0.70536466E-001  0.28438395E+002  0.42966023E-017
   39  0.11123345E+008  0.10700000E+013  0.25800000E+017  0.38100000E+009  0.00000000E+000  0.50808171E-002  0.26400000E+008  0.39168106E-011  0.43535991E-002  0.32914338E-001  0.00000000E+000  0.67000000E+009  0.00000000E+000  0.46700000E+009  0.00000000E+000  0.82000347E+004  0.21708300E+008  0.14977584E+009  0.27558685E-002  0.10800000E+018  0.39100000E+014  0.22600000E+008  0.00000000E+000  0.73806821E+007  0.39253354E-006  0.82259660E+002  0.40900000E+013  0.70941803E-001  0.33232421E+002  0.60239251E-019
   40  0.88475091E+007  0.92500000E+012  0.23900000E+017  0.23800000E+009  0.00000000E+000  0.47155365E-002  0.24900000E+008  0.44033544E-011  0.39199815E-002  0.56749073E-002  0.00000000E+000  0.52300000E+009  0.00000000E+000  0.62300000E+009  0.00000000E+000  0.81433281E+004  0.19847536E+008  0.13231422E+009  0.59256741E-003  0.94300000E+017  0.35600000E+014  0.24100000E+008  0.00000000E+000  0.68282425E+007  0.43294329E-006  0.44862132E+002  0.35000000E+013  0.69936548E-001  0.38306725E+002  0.71931357E-021
   41  0.69713263E+007  0.80000000E+012  0.22200000E+017  0.17800000E+009  0.00000000E+000  0.42546730E-002  0.22800000E+008  0.52490078E-011  0.33419630E-002  0.82859420E-003  0.00000000E+000  0.34400000E+009  0.00000000E+000  0.84800000E+009  0.00000000E+000  0.78389146E+004  0.18183963E+008  0.11697999E+009  0.10488447E-003  0.82300000E+017  0.33100000E+014  0.24900000E+008  0.00000000E+000  0.62504771E+007  0.46675494E-006  0.24755463E+002  0.29900000E+013  0.66898917E-001  0.44495231E+002  0.71501452E-023
   42  0.54441692E+007  0.69000000E+012  0.20600000E+017  0.10900000E+009  0.00000000E+000  0.37072726E-002  0.21400000E+008  0.63860937E-011  0.28025481E-002  0.10043414E-003  0.00000000E+000  0.30800000E+009  0.00000000E+000  0.11800000E+010  0.00000000E+000  0.74943986E+004  0.16677808E+008  0.10354854E+009  0.14905575E-004  0.71900000E+017  0.30900000E+014  0.25300000E+008  0.00000000E+000  0.56772683E+007  0.49466317E-006  0.13880820E+002  0.25500000E+013  0.61922650E-001  0.52371185E+002  0.58258413E-025
   43  0.42198810E+007  0.59100000E+012  0.19200000E+017  0.71400000E+008  0.00000000E+000  0.30407058E-002  0.20200000E+008  0.77308372E-011  0.22628754E-002  0.10116626E-004  0.00000000E+000  0.25700000E+009  0.00000000E+000  0.16400000E+010  0.00000000E+000  0.70881798E+004  0.15295912E+008  0.91795944E+008  0.16904948E-005  0.62800000E+017  0.28900000E+014  0.24900000E+008  0.00000000E+000  0.51278255E+007  0.51356556E-006  0.79555369E+001  0.21700000E+013  0.54581015E-001  0.60831012E+002  0.39284422E-027
   44  0.32450328E+007  0.49400000E+012  0.17900000E+017  0.48200000E+008  0.00000000E+000  0.24120808E-002  0.18500000E+008  0.82773968E-011  0.18896875E-002  0.86442421E-006  0.00000000E+000  0.23100000E+009  0.00000000E+000  0.22000000E+010  0.00000000E+000  0.67388787E+004  0.14019189E+008  0.81497754E+008  0.15650114E-006  0.54900000E+017  0.26500000E+014  0.24900000E+008  0.00000000E+000  0.46142772E+007  0.52399408E-006  0.46368030E+001  0.18900000E+013  0.47892130E-001  0.67675714E+002  0.22339156E-029
   45  0.24727661E+007  0.40900000E+012  0.16700000E+017  0.29300000E+008  0.00000000E+000  0.18064362E-002  0.17900000E+008  0.10139934E-010  0.14924674E-002  0.61636742E-007  0.00000000E+000  0.21500000E+009  0.00000000E+000  0.29300000E+010  0.00000000E+000  0.63443448E+004  0.12831531E+008  0.72431441E+008  0.11794371E-007  0.48000000E+017  0.24900000E+014  0.24100000E+008  0.00000000E+000  0.41399343E+007  0.52224877E-006  0.27426338E+001  0.16400000E+013  0.39928392E-001  0.73964574E+002  0.10745517E-031
   46  0.18682062E+007  0.33500000E+012  0.15500000E+017  0.16900000E+008  0.00000000E+000  0.12257561E-002  0.16400000E+008  0.11698033E-010  0.11110995E-002  0.37622279E-008  0.00000000E+000  0.19300000E+009  0.00000000E+000  0.38000000E+010  0.00000000E+000  0.59168946E+004  0.11686049E+008  0.64260522E+008  0.74652080E-009  0.41900000E+017  0.23400000E+014  0.22000000E+008  0.00000000E+000  0.36961906E+007  0.51065483E-006  0.16507093E+001  0.14300000E+013  0.30338286E-001  0.78395102E+002  0.45194514E-034
   47  0.13994542E+007  0.27100000E+012  0.14100000E+017  0.97800000E+007  0.00000000E+000  0.80680300E-003  0.15900000E+008  0.12226870E-010  0.89705228E-003  0.20493784E-009  0.00000000E+000  0.18600000E+009  0.00000000E+000  0.47500000E+010  0.00000000E+000  0.56423319E+004  0.10559208E+008  0.56760047E+008  0.41700654E-010  0.36600000E+017  0.21000000E+014  0.20700000E+008  0.00000000E+000  0.32778873E+007  0.49611349E-006  0.10045924E+001  0.12400000E+013  0.22366195E-001  0.80973075E+002  0.16962964E-036
   48  0.10432713E+007  0.21400000E+012  0.12700000E+017  0.69600000E+007  0.00000000E+000  0.50428869E-003  0.14600000E+008  0.12155668E-010  0.71316037E-003  0.10239325E-010  0.00000000E+000  0.18600000E+009  0.00000000E+000  0.57100000E+010  0.00000000E+000  0.54414771E+004  0.94931759E+007  0.50043260E+008  0.21185717E-011  0.32000000E+017  0.18900000E+014  0.19100000E+008  0.00000000E+000  0.28965854E+007  0.47485021E-006  0.61793138E+000  0.10700000E+013  0.15882711E-001  0.80831843E+002  0.58693044E-039
   49  0.78007314E+006  0.17100000E+012  0.11600000E+017  0.39100000E+007  0.00000000E+000  0.31893892E-003  0.13700000E+008  0.13175651E-010  0.55910884E-003  0.47886070E-012  0.00000000E+000  0.17900000E+009  0.00000000E+000  0.66900000E+010  0.00000000E+000  0.53803330E+004  0.85278143E+007  0.44222493E+008  0.10001635E-012  0.27900000E+017  0.17500000E+014  0.18000000E+008  0.00000000E+000  0.25621075E+007  0.43980898E-006  0.38606841E+000  0.89600000E+012  0.11394043E-001  0.77706848E+002  0.19416368E-041
   50  0.58099246E+006  0.13300000E+012  0.10200000E+017  0.26400000E+007  0.00000000E+000  0.19066626E-003  0.12200000E+008  0.11847419E-010  0.45774985E-003  0.21644829E-013  0.00000000E+000  0.17300000E+009  0.00000000E+000  0.76200000E+010  0.00000000E+000  0.52713232E+004  0.75716808E+007  0.38736678E+008  0.45600045E-014  0.24400000E+017  0.15400000E+014  0.16600000E+008  0.00000000E+000  0.22442791E+007  0.41376194E-006  0.24326821E+000  0.74100000E+012  0.77003144E-002  0.75149708E+002  0.61923024E-044
   51  0.43598902E+006  0.10100000E+012  0.89800000E+016  0.18300000E+007  0.00000000E+000  0.11282917E-003  0.11800000E+008  0.11516545E-010  0.37017895E-003  0.99674548E-015  0.00000000E+000  0.17300000E+009  0.00000000E+000  0.82800000E+010  0.00000000E+000  0.51380206E+004  0.66995372E+007  0.33900265E+008  0.21126627E-015  0.21300000E+017  0.13600000E+014  0.15200000E+008  0.00000000E+000  0.19628004E+007  0.38433550E-006  0.15632533E+000  0.60600000E+012  0.52821456E-002  0.69831407E+002  0.20157242E-046
   52  0.32533844E+006  0.77100000E+011  0.74700000E+016  0.11400000E+007  0.00000000E+000  0.66843329E-004  0.10500000E+008  0.83991940E-011  0.34140820E-003  0.47396038E-016  0.00000000E+000  0.16700000E+009  0.00000000E+000  0.90900000E+010  0.00000000E+000  0.49128807E+004  0.58191953E+007  0.29186190E+008  0.10144419E-016  0.18600000E+017  0.11100000E+014  0.14400000E+008  0.00000000E+000  0.16881069E+007  0.36923353E-006  0.10103463E+000  0.48700000E+012  0.34496395E-002  0.68990704E+002  0.65193225E-049
   53  0.24543439E+006  0.63000000E+011  0.61900000E+016  0.73300000E+006  0.00000000E+000  0.37459611E-004  0.93000000E+007  0.66183120E-011  0.28639119E-003  0.22106412E-017  0.00000000E+000  0.17300000E+009  0.00000000E+000  0.10600000E+011  0.00000000E+000  0.46815075E+004  0.50565997E+007  0.25177913E+008  0.47742150E-018  0.16300000E+017  0.92900000E+013  0.12600000E+008  0.00000000E+000  0.14544561E+007  0.35504845E-006  0.66632120E-001  0.39100000E+012  0.19763945E-002  0.73294526E+002  0.20029879E-051
   54  0.18627602E+006  0.50300000E+011  0.51100000E+016  0.52200000E+006  0.00000000E+000  0.22325571E-004  0.82500000E+007  0.51983305E-011  0.25439821E-003  0.10326903E-018  0.00000000E+000  0.17300000E+009  0.00000000E+000  0.12000000E+011  0.00000000E+000  0.43743898E+004  0.43672775E+007  0.21617601E+008  0.22472119E-019  0.14200000E+017  0.77500000E+013  0.11700000E+008  0.00000000E+000  0.12471587E+007  0.34171872E-006  0.44533466E-001  0.33800000E+012  0.12279041E-002  0.76384668E+002  0.59817236E-054
   55  0.14320268E+006  0.40500000E+011  0.42100000E+016  0.33400000E+006  0.00000000E+000  0.13199259E-004  0.73300000E+007  0.37544816E-011  0.23000900E-003  0.48670147E-020  0.00000000E+000  0.17300000E+009  0.00000000E+000  0.13500000E+011  0.00000000E+000  0.40642002E+004  0.37746426E+007  0.18594500E+008  0.10677756E-020  0.12400000E+017  0.62700000E+013  0.10800000E+008  0.00000000E+000  0.10713537E+007  0.33107432E-006  0.30333812E-001  0.29100000E+012  0.75201768E-003  0.80321700E+002  0.17231966E-056
   56  0.11117033E+006  0.32400000E+011  0.34500000E+016  0.21400000E+006  0.00000000E+000  0.80825792E-005  0.67000000E+007  0.30328388E-011  0.20682304E-003  0.22971735E-021  0.00000000E+000  0.17900000E+009  0.00000000E+000  0.15200000E+011  0.00000000E+000  0.37475496E+004  0.32508182E+007  0.15952338E+008  0.50719890E-022  0.10800000E+017  0.52000000E+013  0.10100000E+008  0.00000000E+000  0.91799850E+006  0.32374897E-006  0.21012757E-001  0.25000000E+012  0.47573151E-003  0.85853215E+002  0.48238838E-059
   57  0.88152462E+005  0.27000000E+011  0.28200000E+016  0.16900000E+006  0.00000000E+000  0.46811797E-005  0.61200000E+007  0.22512444E-011  0.18145034E-003  0.10715515E-022  0.00000000E+000  0.17900000E+009  0.00000000E+000  0.17800000E+011  0.00000000E+000  0.34553248E+004  0.28143008E+007  0.13769033E+008  0.23835621E-023  0.94800000E+016  0.41700000E+013  0.89500000E+007  0.00000000E+000  0.79151232E+006  0.32279688E-006  0.15028593E-001  0.21500000E+012  0.27372944E-003  0.97701429E+002  0.12697063E-061
   58  0.70824401E+005  0.23200000E+011  0.23000000E+016  0.11700000E+006  0.00000000E+000  0.29375225E-005  0.52800000E+007  0.17146472E-011  0.16244387E-003  0.47190227E-024  0.00000000E+000  0.18600000E+009  0.00000000E+000  0.21400000E+011  0.00000000E+000  0.31495319E+004  0.24261031E+007  0.11843436E+008  0.10558324E-024  0.82800000E+016  0.34300000E+013  0.82800000E+007  0.00000000E+000  0.68022853E+006  0.32658681E-006  0.11046137E-001  0.18300000E+012  0.16450670E-003  0.11572406E+003  0.30370560E-064
   59  0.58049387E+005  0.19800000E+011  0.18700000E+016  0.69600000E+005  0.00000000E+000  0.17882891E-005  0.45400000E+007  0.13009346E-011  0.13933217E-003  0.19619484E-025  0.00000000E+000  0.19300000E+009  0.00000000E+000  0.25700000E+011  0.00000000E+000  0.28310864E+004  0.20897625E+007  0.10186559E+008  0.44128210E-026  0.72300000E+016  0.28200000E+013  0.73200000E+007  0.00000000E+000  0.58470133E+006  0.33860738E-006  0.84655131E-002  0.15600000E+012  0.96252095E-004  0.14130460E+003  0.65981650E-067
   60  0.47983328E+005  0.16900000E+011  0.13900000E+016  0.50800000E+005  0.00000000E+000  0.11770883E-005  0.42800000E+007  0.87434155E-012  0.15325947E-003  0.78424849E-027  0.00000000E+000  0.17900000E+009  0.00000000E+000  0.32600000E+011  0.00000000E+000  0.24612533E+004  0.17717254E+007  0.86302677E+007  0.17825286E-027  0.63200000E+016  0.20900000E+013  0.72100000E+007  0.00000000E+000  0.49520802E+006  0.38830661E-006  0.67446936E-002  0.13200000E+012  0.56429898E-004  0.18300170E+003  0.12095022E-069
