 #layer COS O3 O2 NO2 NO HSO HO2 HSO2 HSO3 CS2 CH4O3S CO H O N SO3 SO2 SO4 CS N2 CO2 OH H2 H2SO4 S H2S H2O SH SO CH3SCH3
    1  0.14346265E+007  0.13410258E+014  0.46419326E+019  0.72956424E+010  0.00000000E+000  0.17370664E+000  0.53077227E+009  0.67030413E-011  0.38316775E-002  0.32177075E+004  0.00000000E+000  0.22783860E+013  0.00000000E+000  0.21198505E+011  0.00000000E+000  0.21853042E+004  0.19260018E+008  0.76486464E+012  0.12547863E+003  0.18765616E+020  0.70823567E+016  0.36807170E+009  0.00000000E+000  0.13035360E+012  0.45075688E-005  0.68008085E+006  0.43815982E+017  0.64868974E+001  0.24603994E+001  0.27461704E+004
    2  0.89840937E+005  0.11722513E+014  0.40577231E+019  0.63774508E+010  0.00000000E+000  0.88665997E-003  0.46397203E+009  0.12731152E-012  0.44840594E-004  0.53800193E+000  0.00000000E+000  0.19916402E+013  0.00000000E+000  0.18530572E+011  0.00000000E+000  0.71375911E+003  0.62127528E+006  0.66869980E+012  0.20866976E-001  0.16403873E+020  0.61910081E+016  0.11413348E+009  0.00000000E+000  0.11285210E+012  0.69984608E-009  0.80259548E+004  0.38301531E+017  0.32256685E-001  0.73354214E-001  0.31227354E-001
    3  0.73602312E+004  0.10241560E+014  0.35450942E+019  0.55717614E+010  0.00000000E+000  0.11676907E-004  0.40535655E+009  0.41641640E-014  0.90434076E-006  0.10876657E-003  0.00000000E+000  0.17400281E+013  0.00000000E+000  0.16189529E+011  0.00000000E+000  0.28377259E+003  0.32696425E+005  0.58436434E+012  0.40518133E-005  0.14331504E+020  0.54088726E+016  0.37618825E+008  0.00000000E+000  0.97482090E+011  0.12803058E-012  0.19906461E+003  0.33462741E+017  0.41938557E-003  0.59678367E-002  0.39335625E-006
    4  0.80667171E+003  0.89065861E+013  0.30829958E+019  0.48454897E+010  0.00000000E+000  0.31969569E-006  0.35251885E+009  0.17874789E-015  0.28779974E-007  0.26936697E-007  0.00000000E+000  0.15132177E+013  0.00000000E+000  0.14079246E+011  0.00000000E+000  0.92227857E+002  0.25117635E+004  0.50843006E+012  0.95319350E-009  0.12463411E+020  0.47038329E+016  0.13196181E+008  0.00000000E+000  0.83664668E+011  0.50804892E-016  0.86892213E+001  0.29100915E+017  0.11070516E-004  0.65792910E-003  0.54601601E-011
    5  0.11464117E+003  0.77784846E+013  0.26925057E+019  0.42317636E+010  0.00000000E+000  0.15261002E-007  0.30786907E+009  0.11208648E-016  0.13368975E-008  0.81145270E-011  0.00000000E+000  0.13215546E+013  0.00000000E+000  0.12295981E+011  0.00000000E+000  0.33378428E+002  0.26594635E+003  0.44431073E+012  0.27382772E-012  0.10884804E+020  0.41080487E+016  0.49590492E+007  0.00000000E+000  0.71954458E+011  0.25686856E-017  0.57487406E+000  0.25415014E+017  0.51521888E-006  0.94095488E-004  0.83834320E-016
    6  0.21337007E+002  0.67570320E+013  0.23389319E+019  0.36760582E+010  0.00000000E+000  0.10882446E-008  0.26744040E+009  0.11981380E-017  0.13027882E-009  0.30147770E-014  0.00000000E+000  0.11480110E+013  0.00000000E+000  0.10681302E+011  0.00000000E+000  0.95846623E+001  0.54055000E+002  0.38631902E+012  0.95946481E-016  0.94554362E+019  0.35685890E+016  0.20009951E+007  0.00000000E+000  0.61395434E+011  0.35466317E-018  0.54172641E-001  0.22077571E+017  0.34869842E-007  0.17654550E-004  0.14130703E-020
    7  0.50299745E+001  0.58687647E+013  0.20314599E+019  0.31928102E+010  0.00000000E+000  0.10982474E-009  0.23228315E+009  0.12998001E-017  0.13019086E-009  0.13752421E-017  0.00000000E+000  0.99709540E+012  0.00000000E+000  0.92771585E+010  0.00000000E+000  0.30885243E+001  0.10472563E+003  0.33595927E+012  0.41460472E-019  0.82124407E+019  0.30994683E+016  0.87536667E+006  0.00000000E+000  0.52214465E+011  0.64113289E-019  0.68248664E-002  0.19175291E+017  0.33942363E-008  0.41921617E-005  0.26328967E-025
    8  0.15166186E+001  0.50841680E+013  0.17598732E+019  0.27659626E+010  0.00000000E+000  0.14549565E-010  0.20122914E+009  0.25447477E-017  0.29647086E-009  0.78287702E-021  0.00000000E+000  0.86379333E+012  0.00000000E+000  0.80368942E+010  0.00000000E+000  0.76684099E+000  0.41842937E+003  0.29150882E+012  0.22071987E-022  0.71145164E+019  0.26850992E+016  0.41631766E+006  0.00000000E+000  0.44125391E+011  0.14959160E-019  0.11467577E-002  0.16611738E+017  0.41903725E-009  0.12752293E-005  0.53799778E-030
    9  0.55788511E+000  0.44032808E+013  0.15241854E+019  0.23955365E+010  0.00000000E+000  0.25011719E-011  0.17427991E+009  0.43396507E-017  0.58608083E-009  0.52352141E-024  0.00000000E+000  0.74811136E+012  0.00000000E+000  0.69605705E+010  0.00000000E+000  0.21697885E+000  0.13608214E+004  0.25299486E+012  0.13871973E-025  0.61617177E+019  0.23255022E+016  0.21286816E+006  0.00000000E+000  0.37045606E+011  0.12838391E-019  0.24263603E-003  0.14387041E+017  0.68316452E-010  0.47283963E-006  0.11486491E-034
   10  0.21521992E+000  0.38027080E+013  0.13162981E+019  0.20688042E+010  0.00000000E+000  0.45787355E-012  0.15050948E+009  0.68699142E-017  0.97195682E-009  0.31508728E-027  0.00000000E+000  0.64607467E+012  0.00000000E+000  0.60112059E+010  0.00000000E+000  0.74569637E-001  0.37864014E+004  0.21925734E+012  0.79030401E-029  0.53213064E+019  0.20083214E+016  0.10745455E+006  0.00000000E+000  0.30393665E+011  0.55855640E-019  0.53165730E-004  0.12424758E+017  0.12153169E-010  0.18598571E-006  0.19918722E-039
   11  0.70384111E-001  0.33108523E+013  0.11460427E+019  0.18012179E+010  0.00000000E+000  0.67073177E-013  0.13104201E+009  0.10644387E-016  0.12654391E-008  0.11922892E-030  0.00000000E+000  0.56250868E+012  0.00000000E+000  0.52337002E+010  0.00000000E+000  0.37082400E-001  0.93805507E+004  0.19252373E+012  0.28555922E-032  0.46330268E+019  0.17485568E+016  0.48755556E+005  0.00000000E+000  0.23357740E+011  0.19773465E-018  0.90514931E-005  0.10817688E+017  0.17630187E-011  0.14474881E-006  0.20377179E-044
   12  0.16408730E-001  0.28756661E+013  0.99540236E+018  0.15644616E+010  0.00000000E+000  0.70334522E-014  0.11381744E+009  0.16292718E-016  0.10844537E-008  0.25196944E-034  0.00000000E+000  0.48857031E+012  0.00000000E+000  0.45457806E+010  0.00000000E+000  0.32774043E-001  0.16188418E+005  0.17071054E+012  0.59591366E-036  0.40240439E+019  0.15187197E+016  0.21693218E+005  0.00000000E+000  0.13814964E+011  0.38861588E-018  0.99103092E-006  0.93957668E+016  0.20227906E-012  0.13901520E-005  0.42182523E-046
   13  0.28035818E-002  0.24953927E+013  0.86376865E+018  0.13575800E+010  0.00000000E+000  0.51577331E-015  0.98766228E+008  0.10273527E-017  0.75832086E-010  0.33554311E-038  0.00000000E+000  0.42396086E+012  0.00000000E+000  0.39446739E+010  0.00000000E+000  0.12515080E-002  0.11521362E+004  0.15445533E+012  0.78415645E-040  0.34918980E+019  0.13178816E+016  0.19120644E+005  0.00000000E+000  0.12147338E+005  0.42634373E-018  0.74064397E-007  0.81532511E+016  0.16232376E-013  0.71602747E-006  0.16443710E-047
   14  0.39231245E-003  0.21660306E+013  0.74975623E+018  0.11783959E+010  0.00000000E+000  0.30707385E-016  0.85729972E+008  0.54371919E-019  0.44970798E-011  0.33779760E-042  0.00000000E+000  0.36800038E+012  0.00000000E+000  0.34240550E+010  0.00000000E+000  0.67339565E-004  0.68898355E+002  0.12624553E+012  0.77998401E-044  0.30309885E+019  0.11439289E+016  0.17050931E+005  0.00000000E+000  0.30900720E+003  0.30946931E-018  0.43711887E-008  0.70770640E+016  0.10566914E-014  0.24742466E-006  0.53494089E-049
   15  0.52381561E-004  0.18807025E+013  0.65098523E+018  0.10231679E+010  0.00000000E+000  0.18365960E-017  0.74436516E+008  0.29034066E-020  0.27167795E-012  0.31358464E-046  0.00000000E+000  0.31952078E+012  0.00000000E+000  0.29730487E+010  0.00000000E+000  0.36483559E-005  0.41617405E+001  0.10025093E+012  0.71536458E-048  0.26316947E+019  0.99323057E+015  0.15370591E+005  0.00000000E+000  0.32395917E+003  0.17800569E-018  0.24278657E-009  0.61447425E+016  0.69113300E-016  0.70772076E-007  0.17453791E-050
   16  0.69214833E-005  0.16365516E+013  0.56646740E+018  0.89034178E+009  0.00000000E+000  0.12738293E-018  0.64772824E+008  0.20211070E-021  0.18756402E-013  0.29164794E-050  0.00000000E+000  0.27803701E+012  0.00000000E+000  0.25871357E+010  0.00000000E+000  0.22966146E-006  0.28970328E+000  0.78094317E+011  0.69401339E-052  0.22900211E+019  0.86427878E+015  0.14008632E+005  0.00000000E+000  0.28523037E+003  0.86274871E-019  0.13256864E-010  0.53469587E+016  0.54089646E-017  0.18639131E-007  0.13961534E-051
   17  0.96173400E-006  0.14272801E+013  0.49402341E+018  0.77649114E+009  0.00000000E+000  0.11249126E-019  0.56489665E+008  0.37583048E-022  0.34671215E-014  0.29647125E-054  0.00000000E+000  0.24247943E+012  0.00000000E+000  0.22563560E+010  0.00000000E+000  0.38556433E-007  0.53870761E-001  0.59391753E+011  0.40686870E-054  0.19971576E+019  0.75374849E+015  0.12858633E+005  0.00000000E+000  0.24895111E+003  0.40848829E-019  0.74900530E-012  0.46631424E+016  0.53748907E-018  0.11259040E-007  0.29767217E-052
   18  0.14331674E-006  0.12408818E+013  0.42949803E+018  0.67508431E+009  0.00000000E+000  0.13023825E-020  0.49111879E+008  0.45314329E-022  0.41526951E-014  0.34791537E-058  0.00000000E+000  0.21080854E+012  0.00000000E+000  0.19617273E+010  0.00000000E+000  0.41725319E-007  0.64952052E-001  0.44290189E+011  0.59626141E-055  0.17363059E+019  0.65529988E+015  0.11785473E+005  0.00000000E+000  0.21641633E+003  0.56526980E-019  0.43219695E-013  0.40540724E+016  0.69915123E-019  0.38871147E-007  0.41280382E-052
   19  0.22883612E-007  0.10813557E+013  0.37427558E+018  0.58829677E+009  0.00000000E+000  0.18660610E-021  0.42797747E+008  0.83376902E-022  0.75644398E-014  0.49364312E-062  0.00000000E+000  0.18370380E+012  0.00000000E+000  0.17095703E+010  0.00000000E+000  0.68863013E-007  0.11950863E+000  0.32937418E+011  0.95209683E-056  0.15130624E+019  0.57104507E+015  0.10812367E+005  0.00000000E+000  0.18852724E+003  0.49935697E-018  0.24045088E-014  0.35328154E+016  0.11166165E-019  0.18195236E-006  0.87156857E-052
   20  0.38184744E-008  0.94355480E+012  0.32657456E+018  0.51332844E+009  0.00000000E+000  0.30195491E-022  0.37343563E+008  0.15622482E-021  0.13954226E-013  0.87806634E-066  0.00000000E+000  0.16029081E+012  0.00000000E+000  0.14917482E+010  0.00000000E+000  0.11527482E-006  0.22392297E+000  0.24394848E+011  0.15888314E-056  0.13202250E+019  0.49826599E+015  0.98946854E+004  0.00000000E+000  0.16437952E+003  0.49166533E-017  0.11886179E-015  0.30825559E+016  0.20003064E-020  0.78399949E-006  0.18715363E-051
   21  0.62078324E-009  0.82233710E+012  0.28461498E+018  0.44738186E+009  0.00000000E+000  0.50549395E-023  0.32545801E+008  0.32730408E-021  0.24878937E-013  0.19516390E-069  0.00000000E+000  0.13969591E+012  0.00000000E+000  0.13001331E+010  0.00000000E+000  0.19160568E-006  0.41472576E+000  0.17880678E+011  0.39857447E-057  0.11505980E+019  0.43424681E+015  0.90038592E+004  0.00000000E+000  0.14303942E+003  0.38951697E-016  0.47698879E-017  0.26864920E+016  0.37842886E-021  0.29225854E-005  0.84798251E-051
   22  0.94210777E-010  0.71541159E+012  0.24760359E+018  0.38921066E+009  0.00000000E+000  0.80182869E-024  0.28313771E+008  0.67050385E-021  0.43160968E-013  0.54225737E-073  0.00000000E+000  0.12152974E+012  0.00000000E+000  0.11311049E+010  0.00000000E+000  0.31382728E-006  0.75189262E+000  0.13061709E+011  0.92965580E-058  0.10009746E+019  0.37777726E+015  0.81420125E+004  0.00000000E+000  0.12404712E+003  0.26066642E-015  0.15046941E-018  0.23371360E+016  0.67383483E-022  0.99018136E-005  0.37422607E-050
   23  0.12996379E-010  0.62621028E+012  0.21672787E+018  0.34068200E+009  0.00000000E+000  0.11612083E-024  0.24783283E+008  0.13385016E-020  0.72635796E-013  0.18589730E-076  0.00000000E+000  0.10637512E+012  0.00000000E+000  0.99009162E+009  0.00000000E+000  0.49579237E-006  0.13298291E+001  0.95207992E+010  0.19632645E-058  0.87615528E+018  0.33066911E+015  0.73759576E+004  0.00000000E+000  0.10790670E+003  0.14698037E-014  0.37474446E-020  0.20456960E+016  0.10826827E-022  0.30410329E-004  0.15905861E-049
   24  0.15907183E-011  0.54672772E+012  0.18921683E+018  0.29744065E+009  0.00000000E+000  0.14907662E-025  0.21637490E+008  0.25228390E-020  0.11494535E-012  0.78021998E-080  0.00000000E+000  0.92872001E+011  0.00000000E+000  0.86443815E+009  0.00000000E+000  0.74242501E-006  0.22231044E+001  0.69687165E+010  0.36642531E-059  0.76493811E+018  0.28869457E+015  0.66391252E+004  0.00000000E+000  0.93146880E+002  0.70374273E-014  0.74436988E-022  0.17860164E+016  0.15324617E-023  0.83666168E-004  0.63642303E-049
   25  0.17185324E-012  0.47753715E+012  0.16526862E+018  0.25979847E+009  0.00000000E+000  0.16852022E-026  0.18899066E+008  0.44512986E-020  0.16965571E-012  0.63144984E-083  0.00000000E+000  0.81117617E+011  0.00000000E+000  0.75505231E+009  0.00000000E+000  0.10404596E-005  0.34826918E+001  0.50569105E+010  0.60132438E-060  0.66812408E+018  0.25215597E+015  0.59588316E+004  0.00000000E+000  0.79816507E+002  0.28530243E-013  0.12079781E-023  0.15599673E+016  0.18941819E-024  0.20505204E-003  0.23697771E-048
   26  0.16346274E-013  0.41692215E+012  0.14428899E+018  0.22682170E+009  0.00000000E+000  0.16729445E-027  0.16500067E+008  0.73193266E-020  0.23257214E-012  0.36039245E-085  0.00000000E+000  0.70820293E+011  0.00000000E+000  0.65922153E+009  0.00000000E+000  0.13599996E-005  0.50899762E+001  0.36564025E+010  0.86552064E-061  0.58331087E+018  0.22014662E+015  0.53314540E+004  0.00000000E+000  0.67634602E+002  0.98906826E-013  0.16351208E-025  0.13619392E+016  0.20399689E-025  0.44893198E-003  0.81829113E-048
   27  0.13910638E-014  0.36419620E+012  0.12604017E+018  0.19813683E+009  0.00000000E+000  0.14822475E-028  0.14413316E+008  0.11196135E-019  0.29552826E-012  0.33808210E-087  0.00000000E+000  0.61863332E+011  0.00000000E+000  0.57586124E+009  0.00000000E+000  0.16519920E-005  0.69275757E+001  0.26387572E+010  0.11104238E-061  0.50953737E+018  0.19230378E+015  0.47607706E+004  0.00000000E+000  0.56598639E+002  0.29520665E-012  0.19091089E-027  0.11896878E+016  0.19446969E-026  0.88028840E-003  0.26132604E-047
   28  0.10742716E-015  0.31821780E+012  0.11012699E+018  0.17312287E+009  0.00000000E+000  0.11892924E-029  0.12593629E+008  0.16014542E-019  0.34984287E-012  0.26497072E-089  0.00000000E+000  0.54052760E+011  0.00000000E+000  0.50316736E+009  0.00000000E+000  0.18760562E-005  0.88255616E+001  0.18818795E+010  0.12880756E-062  0.44520595E+018  0.16802449E+015  0.42429755E+004  0.00000000E+000  0.46679284E+002  0.77041326E-012  0.19718292E-029  0.10394828E+016  0.16656795E-027  0.15620879E-002  0.77610975E-047
   29  0.75322509E-017  0.27824336E+012  0.96291974E+017  0.15137527E+009  0.00000000E+000  0.86508075E-031  0.11011571E+008  0.21667530E-019  0.39032434E-012  0.16681429E-091  0.00000000E+000  0.47262209E+011  0.00000000E+000  0.43996488E+009  0.00000000E+000  0.20174784E-005  0.10646139E+002  0.13334503E+010  0.13516574E-063  0.38927582E+018  0.14691594E+015  0.37780100E+004  0.00000000E+000  0.37884505E+002  0.17916013E-011  0.18163959E-031  0.90889390E+015  0.12834915E-028  0.25471637E-002  0.21674861E-046
   30  0.48837997E-018  0.24301524E+012  0.84099815E+017  0.13220984E+009  0.00000000E+000  0.58108428E-032  0.96173667E+007  0.27810235E-019  0.41151406E-012  0.87878164E-094  0.00000000E+000  0.41278013E+011  0.00000000E+000  0.38426564E+009  0.00000000E+000  0.20543041E-005  0.12194856E+002  0.92901804E+009  0.13069838E-064  0.33998715E+018  0.12831394E+015  0.33549798E+004  0.00000000E+000  0.30189325E+002  0.37651675E-011  0.15308914E-033  0.79381212E+015  0.90723814E-030  0.38492307E-002  0.57206408E-046
   31  0.30071074E-019  0.21310607E+012  0.73748622E+017  0.11593811E+009  0.00000000E+000  0.37861915E-033  0.84336744E+007  0.38233075E-019  0.40626676E-012  0.57569943E-096  0.00000000E+000  0.36197410E+011  0.00000000E+000  0.33697552E+009  0.00000000E+000  0.20232109E-005  0.13392819E+002  0.64570028E+009  0.17706720E-065  0.29814086E+018  0.11252077E+015  0.29867256E+004  0.00000000E+000  0.23772754E+002  0.68819534E-011  0.12181241E-035  0.69610735E+015  0.62058089E-031  0.51999315E-002  0.28486709E-045
   32  0.17679122E-020  0.18702788E+012  0.64723388E+017  0.10175058E+009  0.00000000E+000  0.23522138E-034  0.74016035E+007  0.50477359E-019  0.38442696E-012  0.73856952E-098  0.00000000E+000  0.31767620E+011  0.00000000E+000  0.29574202E+009  0.00000000E+000  0.19242682E-005  0.14179476E+002  0.44540090E+009  0.22595967E-066  0.26165494E+018  0.98750667E+014  0.26575218E+004  0.00000000E+000  0.18435718E+002  0.11655608E-010  0.92214166E-038  0.61091838E+015  0.40113714E-032  0.66459975E-002  0.13347514E-044
   33  0.10036656E-021  0.16415178E+012  0.56806431E+017  0.89305095E+008  0.00000000E+000  0.14093153E-035  0.64962632E+007  0.64348436E-019  0.35054785E-012  0.84075560E-099  0.00000000E+000  0.27881799E+011  0.00000000E+000  0.25957097E+009  0.00000000E+000  0.17689380E-005  0.14549881E+002  0.30445024E+009  0.27474521E-067  0.22964940E+018  0.86671498E+014  0.23619711E+004  0.00000000E+000  0.14073527E+002  0.18505589E-010  0.67313833E-040  0.53619052E+015  0.24814302E-033  0.81047546E-002  0.59240039E-044
   34  0.55933162E-023  0.14396339E+012  0.49819716E+017  0.78321829E+008  0.00000000E+000  0.82784974E-037  0.56972958E+007  0.79495933E-019  0.30917970E-012  0.15252460E-099  0.00000000E+000  0.24452564E+011  0.00000000E+000  0.22764922E+009  0.00000000E+000  0.15782025E-005  0.14521446E+002  0.20630005E+009  0.32368482E-068  0.20140449E+018  0.76011629E+014  0.20953096E+004  0.00000000E+000  0.10579116E+002  0.27798977E-010  0.48271992E-042  0.47024325E+015  0.14951325E-034  0.94908594E-002  0.25028972E-043
   35  0.31158215E-024  0.12629125E+012  0.43703874E+017  0.68707494E+008  0.00000000E+000  0.48598722E-038  0.49979137E+007  0.95632742E-019  0.26506513E-012  0.26902816E-100  0.00000000E+000  0.21450774E+011  0.00000000E+000  0.19970576E+009  0.00000000E+000  0.13798860E-005  0.14163176E+002  0.13738611E+009  0.37637779E-069  0.17668021E+018  0.66680480E+014  0.18571981E+004  0.00000000E+000  0.78536324E+001  0.39750020E-010  0.34704247E-044  0.41251617E+015  0.89510377E-036  0.10729624E-001  0.10109535E-042
   36  0.17757851E-025  0.11147833E+012  0.38577571E+017  0.60648686E+008  0.00000000E+000  0.30011049E-039  0.44116887E+007  0.11306071E-018  0.22296354E-012  0.46562586E-101  0.00000000E+000  0.18934673E+011  0.00000000E+000  0.17628312E+009  0.00000000E+000  0.11853999E-005  0.13622653E+002  0.91547347E+008  0.44225267E-070  0.15595630E+018  0.58859106E+014  0.16545458E+004  0.00000000E+000  0.58093553E+001  0.54126569E-010  0.25627010E-046  0.36412934E+015  0.56058775E-037  0.11766024E-001  0.39221390E-042
   37  0.10361675E-026  0.97981341E+011  0.33906718E+017  0.53305791E+008  0.00000000E+000  0.36025495E-040  0.38775445E+007  0.14426461E-018  0.17926796E-012  0.12994214E-101  0.00000000E+000  0.16642118E+011  0.00000000E+000  0.15494098E+009  0.00000000E+000  0.10119826E-005  0.12836540E+002  0.60390966E+008  0.74637819E-071  0.13707362E+018  0.51732627E+014  0.14662349E+004  0.00000000E+000  0.42409249E+001  0.68740544E-010  0.19477140E-048  0.32004152E+015  0.67909006E-038  0.12106197E-001  0.27142872E-041
   38  0.62586627E-028  0.86943283E+011  0.30086840E+017  0.47300651E+008  0.00000000E+000  0.34427563E-040  0.34407139E+007  0.18211837E-018  0.14301519E-012  0.35720879E-102  0.00000000E+000  0.14767240E+011  0.00000000E+000  0.13748690E+009  0.00000000E+000  0.86364462E-006  0.12054946E+002  0.39508804E+008  0.12708236E-071  0.12163114E+018  0.45904510E+014  0.13106574E+004  0.00000000E+000  0.30971104E+001  0.84042985E-010  0.15403066E-050  0.28398601E+015  0.65154228E-038  0.12221240E-001  0.17733162E-040
   39  0.39240308E-029  0.76534403E+011  0.26484733E+017  0.41637807E+008  0.00000000E+000  0.60217345E-040  0.30287849E+007  0.22403143E-018  0.11152999E-012  0.97311910E-103  0.00000000E+000  0.12999249E+011  0.00000000E+000  0.12102751E+009  0.00000000E+000  0.72369869E-006  0.11109988E+002  0.25484478E+008  0.21899683E-072  0.10706903E+018  0.40408653E+014  0.11612876E+004  0.00000000E+000  0.22266102E+001  0.10120575E-009  0.12747771E-052  0.24998606E+015  0.11409342E-037  0.12148682E-001  0.10958699E-039
   40  0.25781695E-030  0.67611861E+011  0.23397008E+017  0.36783588E+008  0.00000000E+000  0.90619694E-040  0.26756784E+007  0.24810374E-018  0.88005350E-013  0.16892142E-103  0.00000000E+000  0.11483729E+011  0.00000000E+000  0.10691834E+009  0.00000000E+000  0.60372768E-006  0.10187888E+002  0.16397763E+008  0.27884008E-073  0.94586384E+017  0.35697606E+014  0.10318747E+004  0.00000000E+000  0.15922268E+001  0.12339791E-009  0.14550437E-054  0.22084133E+015  0.17188523E-037  0.12361919E-001  0.36418792E-039
   41  0.17693149E-031  0.59776329E+011  0.20685468E+017  0.32520746E+008  0.00000000E+000  0.15620035E-039  0.23655908E+007  0.29848003E-018  0.67456163E-013  0.46739875E-104  0.00000000E+000  0.10152848E+011  0.00000000E+000  0.94527957E+008  0.00000000E+000  0.50714830E-006  0.92861177E+001  0.10456176E+008  0.50479778E-074  0.83624532E+017  0.31560518E+014  0.91703534E+003  0.00000000E+000  0.11276961E+001  0.14248259E-009  0.96370798E-055  0.19524739E+015  0.29521189E-037  0.11997360E-001  0.20732900E-038
   42  0.12808039E-032  0.52913051E+011  0.18310396E+017  0.28786847E+008  0.00000000E+000  0.26331883E-039  0.20939804E+007  0.35514644E-018  0.51340505E-013  0.13172971E-104  0.00000000E+000  0.89871135E+010  0.00000000E+000  0.83674931E+008  0.00000000E+000  0.43628755E-006  0.84252506E+001  0.66231378E+007  0.94309094E-075  0.74022905E+017  0.27936790E+014  0.81548176E+003  0.00000000E+000  0.79193824E+000  0.16200570E-009  0.25640396E-054  0.17282935E+015  0.49503814E-037  0.11543937E-001  0.11286316E-037
   43  0.99032859E-034  0.46907612E+011  0.16232194E+017  0.25519647E+008  0.00000000E+000  0.43489876E-039  0.18563191E+007  0.41849440E-018  0.38856320E-013  0.38257901E-105  0.00000000E+000  0.79670890E+010  0.00000000E+000  0.74178359E+008  0.00000000E+000  0.37907393E-006  0.76175135E+001  0.41821491E+007  0.18406939E-075  0.65621424E+017  0.24766007E+014  0.72583604E+003  0.00000000E+000  0.55274141E+000  0.18171576E-009  0.66513859E-054  0.15321344E+015  0.81225833E-037  0.11027995E-001  0.58656283E-037
   44  0.81567472E-035  0.41645335E+011  0.14411174E+017  0.22656756E+008  0.00000000E+000  0.61141834E-039  0.16480684E+007  0.44879998E-018  0.29870064E-013  0.75544347E-106  0.00000000E+000  0.70732947E+010  0.00000000E+000  0.65856923E+008  0.00000000E+000  0.32482277E-006  0.68694946E+001  0.26271495E+007  0.27839596E-076  0.58259641E+017  0.21987615E+014  0.64668079E+003  0.00000000E+000  0.38313427E+000  0.20829608E-009  0.12197720E-053  0.13602505E+015  0.11372936E-036  0.10828825E-001  0.17408783E-036
   45  0.71197244E-036  0.37012517E+011  0.12807985E+017  0.20136316E+008  0.00000000E+000  0.97781319E-039  0.14647284E+007  0.52119550E-018  0.22426660E-013  0.23472377E-106  0.00000000E+000  0.62864168E+010  0.00000000E+000  0.58530838E+008  0.00000000E+000  0.29678306E-006  0.61816481E+001  0.16366691E+007  0.59429345E-077  0.51778480E+017  0.19541576E+014  0.57652130E+003  0.00000000E+000  0.26354434E+000  0.22862739E-009  0.30532113E-053  0.12089275E+015  0.18040231E-036  0.10231299E-001  0.84893926E-036
   46  0.66330166E-037  0.32837223E+011  0.11363128E+017  0.17864787E+008  0.00000000E+000  0.15392727E-038  0.12994949E+007  0.59913957E-018  0.16742298E-013  0.88831583E-107  0.00000000E+000  0.55772517E+010  0.00000000E+000  0.51928221E+008  0.00000000E+000  0.28033005E-006  0.55375587E+001  0.10233739E+007  0.15474722E-077  0.45937401E+017  0.17337109E+014  0.51286187E+003  0.00000000E+000  0.18000244E+000  0.24961869E-009  0.73219152E-053  0.10725494E+015  0.28154138E-036  0.96310200E-002  0.39493512E-035
   47  0.65790688E-038  0.29004509E+011  0.10036826E+017  0.15779636E+008  0.00000000E+000  0.18238498E-038  0.11478189E+007  0.57860747E-018  0.12898981E-013  0.45365669E-107  0.00000000E+000  0.49262755E+010  0.00000000E+000  0.45867316E+008  0.00000000E+000  0.23341953E-006  0.49272104E+001  0.63240447E+006  0.67516289E-078  0.40575598E+017  0.15313525E+014  0.45406239E+003  0.00000000E+000  0.12187855E+000  0.28975370E-009  0.91226792E-053  0.94736144E+014  0.33294687E-036  0.96253377E-002  0.65993092E-035
   48  0.69206712E-039  0.25572246E+011  0.88491025E+016  0.13912346E+008  0.00000000E+000  0.21488581E-038  0.10119906E+007  0.55644764E-018  0.98919746E-014  0.84211110E-107  0.00000000E+000  0.43433167E+010  0.00000000E+000  0.40439650E+008  0.00000000E+000  0.19418926E-006  0.43684654E+001  0.38579281E+006  0.10951885E-077  0.35774022E+017  0.13501375E+014  0.40115050E+003  0.00000000E+000  0.82037391E-001  0.33462414E-009  0.11330281E-052  0.83525383E+014  0.39142715E-036  0.95798435E-002  0.11021290E-034
   49  0.77627583E-040  0.22597841E+011  0.78198214E+016  0.12294148E+008  0.00000000E+000  0.28781868E-038  0.89428166E+006  0.57999143E-018  0.74386686E-014  0.38052822E-106  0.00000000E+000  0.38381247E+010  0.00000000E+000  0.35736010E+008  0.00000000E+000  0.17681825E-006  0.38767903E+001  0.23333167E+006  0.39499883E-077  0.31612977E+017  0.11930966E+014  0.35512047E+003  0.00000000E+000  0.55307894E-001  0.37151439E-009  0.18845691E-052  0.73810140E+014  0.52115377E-036  0.92104933E-002  0.29477811E-034
   50  0.92289090E-041  0.19794589E+011  0.68497697E+016  0.10769065E+008  0.00000000E+000  0.29399561E-038  0.78334606E+006  0.50955605E-018  0.57545806E-014  0.45340878E-106  0.00000000E+000  0.33620038E+010  0.00000000E+000  0.31303011E+008  0.00000000E+000  0.13543731E-006  0.34059830E+001  0.13665928E+006  0.46870969E-077  0.27691376E+017  0.10450925E+014  0.31154392E+003  0.00000000E+000  0.37009809E-001  0.44048320E-009  0.16726558E-052  0.64653958E+014  0.53289693E-036  0.93946008E-002  0.29669821E-034
   51  0.11758596E-041  0.17323176E+011  0.59945511E+016  0.94245159E+007  0.00000000E+000  0.29935542E-038  0.68554275E+006  0.44686053E-018  0.44404989E-014  0.53186558E-106  0.00000000E+000  0.29422453E+010  0.00000000E+000  0.27394767E+008  0.00000000E+000  0.10399485E-006  0.29869114E+001  0.80434440E+005  0.54994566E-077  0.24234008E+017  0.91460891E+013  0.27300248E+003  0.00000000E+000  0.24877541E-001  0.52015632E-009  0.14504982E-052  0.56581673E+014  0.54311491E-036  0.95550812E-002  0.29468395E-034
   52  0.16011582E-042  0.14914271E+011  0.51609646E+016  0.81139731E+007  0.00000000E+000  0.20316792E-038  0.59021318E+006  0.30226296E-018  0.35715583E-014  0.83478093E-107  0.00000000E+000  0.25331044E+010  0.00000000E+000  0.23585359E+008  0.00000000E+000  0.62325642E-007  0.25739550E+001  0.46422159E+005  0.11995124E-077  0.20864092E+017  0.78742580E+013  0.23529824E+003  0.00000000E+000  0.16603055E-001  0.68268334E-009  0.49389106E-053  0.48713571E+014  0.37303052E-036  0.10645600E-001  0.68956502E-035
   53  0.23616943E-043  0.12866026E+011  0.44521832E+016  0.69996442E+007  0.00000000E+000  0.15649696E-038  0.50915636E+006  0.22129666E-018  0.28203983E-014  0.23944496E-107  0.00000000E+000  0.21852203E+010  0.00000000E+000  0.20346288E+008  0.00000000E+000  0.41494369E-007  0.22212649E+001  0.27075517E+005  0.43623092E-078  0.17998720E+017  0.67928463E+013  0.20317119E+003  0.00000000E+000  0.11220204E-001  0.86406858E-009  0.21790617E-053  0.42023486E+014  0.28975211E-036  0.11481902E-001  0.24689321E-035
   54  0.37410162E-044  0.11046698E+011  0.38226177E+016  0.60098553E+007  0.00000000E+000  0.11977752E-038  0.43715870E+006  0.16075723E-018  0.22153116E-014  0.68382394E-108  0.00000000E+000  0.18762169E+010  0.00000000E+000  0.17469219E+008  0.00000000E+000  0.28021537E-007  0.19066553E+001  0.15369491E+005  0.15774288E-078  0.15453593E+017  0.58322969E+013  0.17457635E+003  0.00000000E+000  0.76313419E-002  0.10958659E-008  0.95752517E-054  0.36081111E+014  0.22365044E-036  0.12369862E-001  0.88358149E-036
   55  0.63443763E-045  0.95018840E+010  0.32880466E+016  0.51694136E+007  0.00000000E+000  0.78989741E-039  0.37602464E+006  0.10702810E-018  0.17782662E-014  0.96092123E-109  0.00000000E+000  0.16138387E+010  0.00000000E+000  0.15026263E+008  0.00000000E+000  0.18327498E-007  0.16382014E+001  0.86221211E+004  0.31473235E-079  0.13292497E+017  0.50166837E+013  0.15025892E+003  0.00000000E+000  0.52621524E-002  0.14305403E-008  0.30632552E-054  0.31035373E+014  0.14934115E-036  0.13760999E-001  0.19360253E-036
   56  0.11646651E-045  0.81517295E+010  0.28208361E+016  0.44348744E+007  0.00000000E+000  0.59562284E-039  0.32259399E+006  0.77092914E-019  0.13943233E-014  0.24783292E-109  0.00000000E+000  0.13845225E+010  0.00000000E+000  0.12891136E+008  0.00000000E+000  0.12805380E-007  0.14032500E+001  0.48594422E+004  0.10480345E-079  0.11403718E+017  0.43038450E+013  0.12897410E+003  0.00000000E+000  0.36862055E-002  0.18088253E-008  0.12822309E-054  0.26625444E+014  0.11359454E-036  0.14807262E-001  0.64080265E-037
   57  0.23257037E-046  0.70360515E+010  0.24347647E+016  0.38278999E+007  0.00000000E+000  0.38486269E-039  0.27844247E+006  0.50921487E-019  0.11224859E-014  0.32739721E-110  0.00000000E+000  0.11950310E+010  0.00000000E+000  0.11126807E+008  0.00000000E+000  0.87919402E-008  0.12080165E+001  0.27324856E+004  0.19910396E-080  0.98429580E+016  0.37148028E+013  0.11136581E+003  0.00000000E+000  0.26652474E-002  0.23482418E-008  0.39956369E-055  0.22981374E+014  0.74350640E-037  0.16475960E-001  0.13666675E-037
   58  0.50817597E-047  0.60520617E+010  0.20942633E+016  0.32925693E+007  0.00000000E+000  0.28587805E-039  0.23950235E+006  0.36469597E-019  0.88145997E-015  0.77539547E-111  0.00000000E+000  0.10279061E+010  0.00000000E+000  0.95707288E+007  0.00000000E+000  0.63242956E-008  0.10358409E+001  0.15173786E+004  0.61680874E-081  0.84664218E+016  0.31952882E+013  0.95818496E+002  0.00000000E+000  0.19835757E-002  0.29534749E-008  0.16338438E-055  0.19767432E+014  0.55724741E-037  0.17715374E-001  0.42781489E-038
   59  0.12344859E-047  0.52053886E+010  0.18012792E+016  0.28319445E+007  0.00000000E+000  0.21092054E-039  0.20599637E+006  0.26019013E-019  0.69159160E-015  0.18838897E-111  0.00000000E+000  0.88410367E+009  0.00000000E+000  0.82318014E+007  0.00000000E+000  0.45848403E-008  0.88729461E+000  0.84486486E+003  0.19500661E-081  0.72819831E+016  0.27482725E+013  0.82428751E+002  0.00000000E+000  0.15377127E-002  0.37102610E-008  0.67096743E-056  0.17002000E+014  0.41487892E-037  0.19039165E-001  0.13768364E-038
   60  0.35783139E-048  0.44101144E+010  0.15260814E+016  0.23992827E+007  0.00000000E+000  0.96274768E-040  0.17452444E+006  0.13657834E-019  0.56871646E-015  0.93256729E-113  0.00000000E+000  0.74903111E+009  0.00000000E+000  0.69741551E+007  0.00000000E+000  0.30687601E-008  0.74515832E+000  0.45317498E+003  0.17524129E-082  0.61694484E+016  0.23283939E+013  0.69841547E+002  0.00000000E+000  0.12340644E-002  0.52702744E-008  0.11301973E-056  0.14404450E+014  0.19367055E-037  0.22775328E-001  0.16718782E-039
