           1   0.0000000000000000        0.0000000000000000        98.443894638485403        0.0000000000000000        0.0000000000000000        7.7093643457735173E-003  -98.451602151985810     
           2   0.0000000000000000        0.0000000000000000        164.61274480569580       -98.443894638485403        0.0000000000000000       0.19494565341101389       -66.363794045569122     
           3   0.0000000000000000        0.0000000000000000        191.32249013389162       -164.61274480569580        0.0000000000000000       0.14700480369653079       -26.856748319521571     
           4   0.0000000000000000        0.0000000000000000        205.10322260362284       -191.32249013389162        0.0000000000000000       0.28940002529209630       -14.070130616517361     
           5   0.0000000000000000        0.0000000000000000        214.11278620792746       -205.10322260362284        0.0000000000000000       0.20297246823576076       -9.2125341106123813     
           6   0.0000000000000000        0.0000000000000000        220.98174624173839       -214.11278620792746        0.0000000000000000       0.21131633462266253       -7.0802743295649506     
           7   0.0000000000000000        0.0000000000000000        227.43048790889520       -220.98174624173839        0.0000000000000000       0.34106229131843646       -6.7898018453455080     
           8   0.0000000000000000        0.0000000000000000        232.40326644279867       -227.43048790889520        0.0000000000000000       0.42450517625255024       -5.3972815298860084     
           9   0.0000000000000000        0.0000000000000000        237.99891152886801       -232.40326644279867        0.0000000000000000       0.68589110530651221       -6.2815339283020819     
          10   0.0000000000000000        0.0000000000000000        240.78718533194893       -237.99891152886801        0.0000000000000000        1.4577110318659976       -4.2459823596985888     
          11   0.0000000000000000        0.0000000000000000        239.31386657479334       -240.78718533194893        0.0000000000000000        3.8421623799837787       -2.3688404514756218     
          12   0.0000000000000000        0.0000000000000000        243.90059378826743       -239.31386657479334        0.0000000000000000        8.7499279037240072       -13.336650278885539     
          13   0.0000000000000000        0.0000000000000000        66.635095809271434       -243.90059378826743        0.0000000000000000        3.1775245246830153        0.0000000000000000     
          14   0.0000000000000000        0.0000000000000000        34.962758813510789       -66.635095809271434        0.0000000000000000        3.9874955068676670        0.0000000000000000     
          15   0.0000000000000000        0.0000000000000000        24.123914528272962       -34.962758813510789        0.0000000000000000        1.5258603545506482        0.0000000000000000     
          16   0.0000000000000000        0.0000000000000000        16.883159591039714       -24.123914528272962        0.0000000000000000        3.5777488543484814        0.0000000000000000     
          17   0.0000000000000000        0.0000000000000000        12.853973929796069       -16.883159591039714        0.0000000000000000        1.8467704637423523        0.0000000000000000     
          18   0.0000000000000000        0.0000000000000000        10.465935104827849       -12.853973929796069        0.0000000000000000       0.24864800502007256        0.0000000000000000     
          19   0.0000000000000000        0.0000000000000000        6.7788456764255329       -10.465935104827849        0.0000000000000000        1.0590020023666256        0.0000000000000000     
          20   0.0000000000000000        0.0000000000000000        1.7676239900923463       -6.7788456764255329        0.0000000000000000        1.5771371645372625        0.0000000000000000     
          21   0.0000000000000000        0.0000000000000000       -1.8466309783590873       -1.7676239900923463        0.0000000000000000      -0.51211490052840958        0.0000000000000000     
          22   0.0000000000000000        0.0000000000000000       -6.6589594024317762        1.8466309783590873        0.0000000000000000       0.20665140777039426        0.0000000000000000     
          23   0.0000000000000000        0.0000000000000000       -8.4835292364468557        6.6589594024317762        0.0000000000000000       -3.2707250914280159        0.0000000000000000     
          24   0.0000000000000000        0.0000000000000000       -12.458932221058717        8.4835292364468557        0.0000000000000000       -1.1910492638740955        0.0000000000000000     
          25   0.0000000000000000        0.0000000000000000       -14.226381907911559        12.458932221058717        0.0000000000000000       -3.0760942079496338        0.0000000000000000     
          26   0.0000000000000000        0.0000000000000000       -15.125506630161553        14.226381907911559        0.0000000000000000       -3.3537173244877465        0.0000000000000000     
          27   0.0000000000000000        0.0000000000000000       -16.015083507591825        15.125506630161553        0.0000000000000000       -2.5274128708466677        0.0000000000000000     
          28   0.0000000000000000        0.0000000000000000       -14.960038927029828        16.015083507591825        0.0000000000000000       -3.5780385549755813        0.0000000000000000     
          29   0.0000000000000000        0.0000000000000000       -14.162119451483129        14.960038927029828        0.0000000000000000       -2.8450670435267114        0.0000000000000000     
          30   0.0000000000000000        0.0000000000000000       -11.906564758139467        14.162119451483129        0.0000000000000000       -3.1050217524161283        0.0000000000000000     
          31   0.0000000000000000        0.0000000000000000       -9.3769483804091394        11.906564758139467        0.0000000000000000       -2.5296149463882855        0.0000000000000000     
          32   0.0000000000000000        0.0000000000000000       -7.3187459573484794        9.3769483804091394        0.0000000000000000       -2.0582014176766821        0.0000000000000000     
          33   0.0000000000000000        0.0000000000000000       -5.6524098023088385        7.3187459573484794        0.0000000000000000       -1.6663354567273574        0.0000000000000000     
          34   0.0000000000000000        0.0000000000000000       -4.4935367284541883        5.6524098023088385        0.0000000000000000       -1.1588725939304609        0.0000000000000000     
          35   0.0000000000000000        0.0000000000000000       -3.4157653849663685        4.4935367284541883        0.0000000000000000       -1.0777710199074502        0.0000000000000000     
          36   0.0000000000000000        0.0000000000000000       -2.5789113793841549        3.4157653849663685        0.0000000000000000      -0.83685378761152540        0.0000000000000000     
          37   0.0000000000000000        0.0000000000000000       -1.9985039687973920        2.5789113793841549        0.0000000000000000      -0.58040726544107701        0.0000000000000000     
          38   0.0000000000000000        0.0000000000000000       -1.4793681152952693        1.9985039687973920        0.0000000000000000      -0.51913575775163068        0.0000000000000000     
          39   0.0000000000000000        0.0000000000000000       -1.0811176330555985        1.4793681152952693        0.0000000000000000      -0.39825042002764643        0.0000000000000000     
          40   0.0000000000000000        0.0000000000000000      -0.78913658116119390        1.0811176330555985        0.0000000000000000      -0.29198101160918133        0.0000000000000000     
          41   0.0000000000000000        0.0000000000000000      -0.57128098952995332       0.78913658116119390        0.0000000000000000      -0.21785556579709764        0.0000000000000000     
          42   0.0000000000000000        0.0000000000000000      -0.41103943182143410       0.57128098952995332        0.0000000000000000      -0.16024154126070361        0.0000000000000000     
          43   0.0000000000000000        0.0000000000000000      -0.29416815189777323       0.41103943182143410        0.0000000000000000      -0.11687126949299431        0.0000000000000000     
          44   0.0000000000000000        0.0000000000000000      -0.20905900448015735       0.29416815189777323        0.0000000000000000       -8.5109140839699227E-002   0.0000000000000000     
          45   0.0000000000000000        0.0000000000000000      -0.14303112194408124       0.20905900448015735        0.0000000000000000       -6.6027878423667530E-002   0.0000000000000000     
          46   0.0000000000000000        0.0000000000000000      -0.10071644307677657       0.14303112194408124        0.0000000000000000       -4.2314676288079431E-002   0.0000000000000000     
          47   0.0000000000000000        0.0000000000000000       -7.0242481859532746E-002  0.10071644307677657        0.0000000000000000       -3.0473959619311611E-002   0.0000000000000000     
          48   0.0000000000000000        0.0000000000000000       -4.8484031529679603E-002   7.0242481859532746E-002   0.0000000000000000       -2.1758449352479566E-002   0.0000000000000000     
          49   0.0000000000000000        0.0000000000000000       -3.3838113891470289E-002   4.8484031529679603E-002   0.0000000000000000       -1.4645917046161493E-002   0.0000000000000000     
          50   0.0000000000000000        0.0000000000000000       -2.1751393621863013E-002   3.3838113891470289E-002   0.0000000000000000       -1.2086719922037234E-002   0.0000000000000000     
          51   0.0000000000000000        0.0000000000000000       -1.4325174058163401E-002   2.1751393621863013E-002   0.0000000000000000       -7.4262193588305343E-003   0.0000000000000000     
          52   0.0000000000000000        0.0000000000000000       -9.1188086478753740E-003   1.4325174058163401E-002   0.0000000000000000       -5.2063652918964143E-003   0.0000000000000000     
          53   0.0000000000000000        0.0000000000000000       -6.1708263870549687E-003   9.1188086478753740E-003   0.0000000000000000       -2.9479821916901863E-003   0.0000000000000000     
          54   0.0000000000000000        0.0000000000000000       -3.9696151494037673E-003   6.1708263870549687E-003   0.0000000000000000       -2.2012111983639874E-003   0.0000000000000000     
          55   0.0000000000000000        0.0000000000000000       -2.4388526762218130E-003   3.9696151494037673E-003   0.0000000000000000       -1.5307624511137581E-003   0.0000000000000000     
          56   0.0000000000000000        0.0000000000000000       -1.5640579047903978E-003   2.4388526762218130E-003   0.0000000000000000       -8.7479475898637974E-004   0.0000000000000000     
          57   0.0000000000000000        0.0000000000000000       -9.8812335824938939E-004   1.5640579047903978E-003   0.0000000000000000       -5.7593453954190481E-004   0.0000000000000000     
          58   0.0000000000000000        0.0000000000000000       -6.0274627424432097E-004   9.8812335824938939E-004   0.0000000000000000       -3.8537708011098252E-004   0.0000000000000000     
          59   0.0000000000000000        0.0000000000000000       -3.8533579460610172E-004   6.0274627424432097E-004   0.0000000000000000       -2.1741047747248480E-004   0.0000000000000000     
          60   0.0000000000000000        0.0000000000000000        0.0000000000000000        3.8533579460610172E-004   0.0000000000000000       -3.8533579344326904E-004   0.0000000000000000     
