           1   35271.182348502189        2685.1183504208689       -6559.0902825516569        0.0000000000000000        0.0000000000000000        0.0000000000000000       -26026.973715538523     
           2   16198.742995265116        680.47754612487336       -4744.2677131949240        6559.0902825516569        0.0000000000000000        0.0000000000000000       -17333.088018523184     
           3   8033.1873011891830        188.60990363842026       -2556.1670908815540        4744.2677131949240        0.0000000000000000        0.0000000000000000       -10032.678019864634     
           4   5255.5406468517804        44.886739873328672       -1586.4905921317186        2556.1670908815540        0.0000000000000000        0.0000000000000000       -6180.3304057079786     
           5   3565.9111839260217        12.315376621592996       -1001.2951367477635        1586.4905921317186        0.0000000000000000        0.0000000000000000       -4138.7912626658526     
           6   2497.3157644710304        2.7425472233936667       -694.18341774371856        1001.2951367477635        0.0000000000000000        0.0000000000000000       -2801.6849362413859     
           7   1693.4702699583086       0.69603349885408816       -486.89145104723229        694.18341774371856        0.0000000000000000        0.0000000000000000       -1900.0662031447332     
           8   1160.2489084056810       0.13776056600309705       -333.90172487238351        486.89145104723229        0.0000000000000000        0.0000000000000000       -1313.1008740023835     
           9   802.25307198479368        3.1453186588164303E-002  -209.41790235853091        333.90172487238351        0.0000000000000000        0.0000000000000000       -926.70544130427493     
          10   583.25822403654081        8.7939487228568917E-003  -132.88330810498405        209.41790235853091        0.0000000000000000        0.0000000000000000       -659.78402433392989     
          11   382.13775577748214        3.6810267913682118E-003  -83.475196627571506        132.88330810498405        0.0000000000000000        0.0000000000000000       -431.54218622120936     
          12   198.85955839484905        3.0814579641641076E-003  -92.631657913142945        83.475196627571506        0.0000000000000000        0.0000000000000000       -189.70001564625804     
          13   81.456319830453296        1.8403673118886192E-008   3.8016442082622283E-006   92.631657913142945        0.0000000000000000        0.0000000000000000        0.0000000000000000     
          14   27.684781483929843        2.9725526838577807E-008   7.6323322419260528E-005  -3.8016442082622283E-006   0.0000000000000000        0.0000000000000000        0.0000000000000000     
          15   9.3129829620267746        7.1368125431618275E-008   9.4203322810046901E-005  -7.6323322419260528E-005   0.0000000000000000        0.0000000000000000        0.0000000000000000     
          16   3.6630008402415366        1.7233738054387294E-007   1.2004433845635892E-004  -9.4203322810046901E-005   0.0000000000000000        0.0000000000000000        0.0000000000000000     
          17   2.1823749158219838        4.0256888208582043E-007   1.8314102348676050E-004  -1.2004433845635892E-004   0.0000000000000000        0.0000000000000000        0.0000000000000000     
          18   2.1393397489843644        9.5479213632982426E-007   2.5793492428275068E-004  -1.8314102348676050E-004   0.0000000000000000        0.0000000000000000        0.0000000000000000     
          19   2.6279508972695931        2.1647901113560853E-006   4.1862403521048669E-004  -2.5793492428275068E-004   0.0000000000000000        0.0000000000000000        0.0000000000000000     
          20   3.4333996684563783        4.9035358617563751E-006   1.1286568069466913E-003  -4.1862403521048669E-004   0.0000000000000000        0.0000000000000000        0.0000000000000000     
          21   4.1246695154384598        1.3737715883220300E-005   2.8606163470127964E-003  -1.1286568069466913E-003   0.0000000000000000        0.0000000000000000        0.0000000000000000     
          22   4.6003236311927838        4.2009678678865897E-005   8.2712816540489037E-003  -2.8606163470127964E-003   0.0000000000000000        0.0000000000000000        0.0000000000000000     
          23   5.0864243727157072        1.4516746901901690E-004   1.7299721728728144E-002  -8.2712816540489037E-003   0.0000000000000000        0.0000000000000000        0.0000000000000000     
          24   5.1494393945445465        4.2393486706928735E-004   3.4746941538820089E-002  -1.7299721728728144E-002   0.0000000000000000        0.0000000000000000        0.0000000000000000     
          25   4.8154228009037343        1.1262610927863484E-003   6.4002623619256224E-002  -3.4746941538820089E-002   0.0000000000000000        0.0000000000000000        0.0000000000000000     
          26   4.1930243061436183        2.7277905937425919E-003  0.12655467765682565       -6.4002623619256224E-002   0.0000000000000000        0.0000000000000000        0.0000000000000000     
          27   3.2491354506838137        6.4300462696948403E-003  0.30084404817224542      -0.12655467765682565        0.0000000000000000        0.0000000000000000        0.0000000000000000     
          28   2.3467284400747466        1.6321354873292844E-002  0.49343471723813093      -0.30084404817224542        0.0000000000000000        0.0000000000000000        0.0000000000000000     
          29   1.5831333318769907        3.5290233298132578E-002  0.99274198330062591      -0.49343471723813093        0.0000000000000000        0.0000000000000000        0.0000000000000000     
          30  0.98442664575466332        7.7251194877412291E-002  0.93503560910217365      -0.99274198330062591        0.0000000000000000        0.0000000000000000        0.0000000000000000     
          31  0.62235849627019812       0.12335891852894648       0.43603604540737217      -0.93503560910217365        0.0000000000000000        0.0000000000000000        0.0000000000000000     
          32  0.40030144711899796       0.15108390839343852       0.18681852594967685      -0.43603604540737217        0.0000000000000000        0.0000000000000000        0.0000000000000000     
          33  0.29035927596016525       0.16665116333921298        6.3110433806409905E-002 -0.18681852594967685        0.0000000000000000        0.0000000000000000        0.0000000000000000     
          34  0.23007392611675254       0.17475917449911479        7.7957020826553425E-003  -6.3110433806409905E-002   0.0000000000000000        0.0000000000000000        0.0000000000000000     
          35  0.20418764437910056       0.17755373000661123       -1.8838193685014826E-002  -7.7957020826553425E-003   0.0000000000000000        0.0000000000000000        0.0000000000000000     
          36  0.19916601000946077       0.17895108129054416       -3.9053105251670495E-002   1.8838193685014826E-002   0.0000000000000000        0.0000000000000000        0.0000000000000000     
          37  0.18980568548146370       0.17656319477716734       -5.2295580445548495E-002   3.9053105251670495E-002   0.0000000000000000        0.0000000000000000        0.0000000000000000     
          38  0.19141522477950776       0.17520141763593752       -6.8509373577118726E-002   5.2295580445548495E-002   0.0000000000000000        0.0000000000000000        0.0000000000000000     
          39  0.18966011806043476       0.17135503096702079       -8.6814448263493382E-002   6.8509373577118726E-002   0.0000000000000000        0.0000000000000000        0.0000000000000000     
          40  0.19107555394376827       0.16739025527819665      -0.11049973603781504        8.6814448263493382E-002   0.0000000000000000        0.0000000000000000        0.0000000000000000     
          41  0.18702873900745559       0.16278431025597451      -0.13474415536675011       0.11049973603781504        0.0000000000000000        0.0000000000000000        0.0000000000000000     
          42  0.18105862326156874       0.15892662481280087      -0.15687614579337961       0.13474415536675011        0.0000000000000000        0.0000000000000000        0.0000000000000000     
          43  0.16947654719188729       0.15507678098698868      -0.17127590527042780       0.15687614579337961        0.0000000000000000        0.0000000000000000        0.0000000000000000     
          44  0.15983165656966980       0.15004489556335443      -0.18106266072592359       0.17127590527042780        0.0000000000000000        0.0000000000000000        0.0000000000000000     
          45  0.14504921844781540       0.14474691043732715      -0.18136496423237558       0.18106266072592359        0.0000000000000000        0.0000000000000000        0.0000000000000000     
          46  0.12536754193100527       0.13827494793029088      -0.16845755463731682       0.18136496423237558        0.0000000000000000        0.0000000000000000        0.0000000000000000     
          47  0.10796815952496827       0.12526679542201161      -0.15115891591131914       0.16845755463731682        0.0000000000000000        0.0000000000000000        0.0000000000000000     
          48   9.0992052852632357E-002  0.11118901205364665      -0.13096195450468895       0.15115891591131914        0.0000000000000000        0.0000000000000000        0.0000000000000000     
          49   7.8367597768325775E-002   9.8959339960173670E-002 -0.11037021059089613       0.13096195450468895        0.0000000000000000        0.0000000000000000        0.0000000000000000     
          50   6.4154881200773686E-002   8.3776339170476236E-002  -9.0748751291182872E-002  0.11037021059089613        0.0000000000000000        0.0000000000000000        0.0000000000000000     
          51   5.2250352685067135E-002   7.0095968361962802E-002  -7.2903134582976259E-002   9.0748751291182872E-002   0.0000000000000000        0.0000000000000000        0.0000000000000000     
          52   4.1238987302655225E-002   5.5192947427396333E-002  -5.8949173663922716E-002   7.2903134582976259E-002   0.0000000000000000        0.0000000000000000        0.0000000000000000     
          53   3.2188048052520159E-002   4.4470590627161348E-002  -4.6666630473703785E-002   5.8949173663922716E-002   0.0000000000000000        0.0000000000000000        0.0000000000000000     
          54   2.6118748449957371E-002   3.5845427803958649E-002  -3.6939950641056485E-002   4.6666630473703785E-002   0.0000000000000000        0.0000000000000000        0.0000000000000000     
          55   2.1293019366087462E-002   2.9305931753759104E-002  -2.8927037876193273E-002   3.6939950641056485E-002   0.0000000000000000        0.0000000000000000        0.0000000000000000     
          56   1.7275055756518259E-002   2.4105314367199159E-002  -2.2096778967859110E-002   2.8927037876193273E-002   0.0000000000000000        0.0000000000000000        0.0000000000000000     
          57   1.4148105274345246E-002   2.0149568194743676E-002  -1.6095315808157207E-002   2.2096778967859110E-002   0.0000000000000000        0.0000000000000000        0.0000000000000000     
          58   1.1510622875893405E-002   1.7031777112052469E-002  -1.0574161377038982E-002   1.6095315808157207E-002   0.0000000000000000        0.0000000000000000        0.0000000000000000     
          59   9.3211222305617288E-003   1.4689557199766546E-002  -5.2057262474121124E-003   1.0574161377038982E-002   0.0000000000000000        0.0000000000000000        0.0000000000000000     
          60   7.4304163644906820E-003   1.2636142478992318E-002   0.0000000000000000        5.2057262474121124E-003   0.0000000000000000        0.0000000000000000        0.0000000000000000     
